TIPO_CLUSTER,CNAE,CNAE_ESPELHO,SCORE
ADA-002_FULL,111301,111301,0.0
ADA-002_FULL,111301,111303,0.25421602243967995
ADA-002_FULL,111301,111399,0.27666071303723666
ADA-002_FULL,111301,111302,0.2840698697976221
ADA-002_FULL,111302,111302,0.0
ADA-002_FULL,111302,111303,0.2435749747483083
ADA-002_FULL,111302,111399,0.27603047290073346
ADA-002_FULL,111302,111301,0.2840698697976221
ADA-002_FULL,111303,111303,0.0
ADA-002_FULL,111303,111399,0.2344984028458709
ADA-002_FULL,111303,111302,0.2435749747483083
ADA-002_FULL,111303,111301,0.25421602243967995
ADA-002_FULL,111399,111399,0.0
ADA-002_FULL,111399,119999,0.22133776412478182
ADA-002_FULL,111399,111303,0.2344984028458709
ADA-002_FULL,111399,139399,0.2617335216883879
ADA-002_FULL,111399,119905,0.2674088551245249
ADA-002_FULL,111399,111302,0.27603047290073346
ADA-002_FULL,111399,111301,0.27666071303723666
ADA-002_FULL,111399,119906,0.28027325193274805
ADA-002_FULL,111399,116499,0.2843484096908451
ADA-002_FULL,111399,112199,0.2850953766356336
ADA-002_FULL,112101,112101,0.0
ADA-002_FULL,112101,112199,0.17047876796892864
ADA-002_FULL,112101,112102,0.18820513849017226
ADA-002_FULL,112102,112102,0.0
ADA-002_FULL,112102,112101,0.18820513849017226
ADA-002_FULL,112102,112199,0.22760981117391754
ADA-002_FULL,112199,112199,0.0
ADA-002_FULL,112199,112101,0.17047876796892864
ADA-002_FULL,112199,112102,0.22760981117391754
ADA-002_FULL,112199,119999,0.2766850013853087
ADA-002_FULL,112199,111399,0.2850953766356336
ADA-002_FULL,112199,116499,0.29794360455555935
ADA-002_FULL,113000,113000,0.0
ADA-002_FULL,113000,135100,0.298937399068299
ADA-002_FULL,113000,119906,0.2997695562056849
ADA-002_FULL,114800,114800,0.0
ADA-002_FULL,115600,115600,0.0
ADA-002_FULL,115600,119905,0.2738671585660626
ADA-002_FULL,115600,116402,0.2901438105118102
ADA-002_FULL,116401,116401,0.0
ADA-002_FULL,116401,116499,0.2704644698823515
ADA-002_FULL,116402,116402,0.0
ADA-002_FULL,116402,116499,0.2790585711012257
ADA-002_FULL,116402,115600,0.2901438105118102
ADA-002_FULL,116403,116403,0.0
ADA-002_FULL,116403,133408,0.2858509127311409
ADA-002_FULL,116499,116499,0.0
ADA-002_FULL,116499,119999,0.2539838564127911
ADA-002_FULL,116499,116401,0.2704644698823515
ADA-002_FULL,116499,116402,0.2790585711012257
ADA-002_FULL,116499,111399,0.2843484096908451
ADA-002_FULL,116499,112199,0.29794360455555935
ADA-002_FULL,119901,119901,0.0
ADA-002_FULL,119901,119908,0.268789177573333
ADA-002_FULL,119901,119906,0.2703949671687361
ADA-002_FULL,119901,119999,0.2836579866305466
ADA-002_FULL,119901,119907,0.29010751397777573
ADA-002_FULL,119901,119905,0.2981040042693189
ADA-002_FULL,119902,119902,0.0
ADA-002_FULL,119902,119904,0.2529187892798759
ADA-002_FULL,119902,119999,0.26389486732916856
ADA-002_FULL,119902,119905,0.2817484714615475
ADA-002_FULL,119903,119903,0.0
ADA-002_FULL,119903,119904,0.25897496338747084
ADA-002_FULL,119903,119999,0.2604409618848187
ADA-002_FULL,119903,119906,0.2760159582319005
ADA-002_FULL,119903,119905,0.2830642696233261
ADA-002_FULL,119903,119909,0.28607367755921903
ADA-002_FULL,119904,119904,0.0
ADA-002_FULL,119904,119902,0.2529187892798759
ADA-002_FULL,119904,119903,0.25897496338747084
ADA-002_FULL,119904,119999,0.2651016110634606
ADA-002_FULL,119904,119905,0.2663094859528535
ADA-002_FULL,119905,119905,0.0
ADA-002_FULL,119905,119999,0.2272484649642826
ADA-002_FULL,119905,119904,0.2663094859528535
ADA-002_FULL,119905,111399,0.2674088551245249
ADA-002_FULL,119905,119906,0.2707087786168052
ADA-002_FULL,119905,115600,0.2738671585660626
ADA-002_FULL,119905,119902,0.2817484714615475
ADA-002_FULL,119905,139399,0.28288501459213644
ADA-002_FULL,119905,119903,0.2830642696233261
ADA-002_FULL,119905,119901,0.2981040042693189
ADA-002_FULL,119906,119906,0.0
ADA-002_FULL,119906,119908,0.25926684393931465
ADA-002_FULL,119906,119901,0.2703949671687361
ADA-002_FULL,119906,119905,0.2707087786168052
ADA-002_FULL,119906,119999,0.27357349187457497
ADA-002_FULL,119906,119903,0.2760159582319005
ADA-002_FULL,119906,111399,0.28027325193274805
ADA-002_FULL,119906,119907,0.28760335997499187
ADA-002_FULL,119906,113000,0.2997695562056849
ADA-002_FULL,119907,119907,0.0
ADA-002_FULL,119907,119908,0.13835356351620123
ADA-002_FULL,119907,119999,0.28539151329280826
ADA-002_FULL,119907,119906,0.28760335997499187
ADA-002_FULL,119907,119901,0.29010751397777573
ADA-002_FULL,119908,119908,0.0
ADA-002_FULL,119908,119907,0.13835356351620123
ADA-002_FULL,119908,119906,0.25926684393931465
ADA-002_FULL,119908,119901,0.268789177573333
ADA-002_FULL,119908,119999,0.28152756562855624
ADA-002_FULL,119909,119909,0.0
ADA-002_FULL,119909,119903,0.28607367755921903
ADA-002_FULL,119909,119999,0.28857820174450527
ADA-002_FULL,119999,119999,0.0
ADA-002_FULL,119999,139399,0.20761075493739703
ADA-002_FULL,119999,111399,0.22133776412478182
ADA-002_FULL,119999,119905,0.2272484649642826
ADA-002_FULL,119999,116499,0.2539838564127911
ADA-002_FULL,119999,119903,0.2604409618848187
ADA-002_FULL,119999,119902,0.26389486732916856
ADA-002_FULL,119999,119904,0.2651016110634606
ADA-002_FULL,119999,119906,0.27357349187457497
ADA-002_FULL,119999,112199,0.2766850013853087
ADA-002_FULL,119999,119908,0.28152756562855624
ADA-002_FULL,119999,119901,0.2836579866305466
ADA-002_FULL,119999,119907,0.28539151329280826
ADA-002_FULL,119999,119909,0.28857820174450527
ADA-002_FULL,119999,139304,0.298291104637002
ADA-002_FULL,121101,121101,0.0
ADA-002_FULL,121101,121102,0.2457343184013286
ADA-002_FULL,121102,121102,0.0
ADA-002_FULL,121102,121101,0.2457343184013286
ADA-002_FULL,122900,122900,0.0
ADA-002_FULL,131800,131800,0.0
ADA-002_FULL,131800,133404,0.24992196531659996
ADA-002_FULL,131800,133403,0.2916859636187198
ADA-002_FULL,131800,133407,0.2991640412658008
ADA-002_FULL,132600,132600,0.0
ADA-002_FULL,132600,133411,0.2993147761984167
ADA-002_FULL,133401,133401,0.0
ADA-002_FULL,133401,133403,0.25369870914471304
ADA-002_FULL,133401,135100,0.27395815370409254
ADA-002_FULL,133401,133405,0.28063103901319725
ADA-002_FULL,133401,133411,0.29517448551713427
ADA-002_FULL,133401,133407,0.2959463203280967
ADA-002_FULL,133401,133499,0.29917132350269793
ADA-002_FULL,133402,133402,0.0
ADA-002_FULL,133402,133408,0.2600718434552633
ADA-002_FULL,133402,133406,0.2712647594401005
ADA-002_FULL,133402,133405,0.2796643771771258
ADA-002_FULL,133402,133499,0.28190623857066877
ADA-002_FULL,133402,133403,0.28543783859693816
ADA-002_FULL,133402,133404,0.2864137334858261
ADA-002_FULL,133402,133407,0.29201350842805623
ADA-002_FULL,133402,133409,0.29592794317965554
ADA-002_FULL,133403,133403,0.0
ADA-002_FULL,133403,133409,0.2503905071483671
ADA-002_FULL,133403,133404,0.2529156605109466
ADA-002_FULL,133403,133401,0.25369870914471304
ADA-002_FULL,133403,133407,0.2554950516039206
ADA-002_FULL,133403,133406,0.2641786630011425
ADA-002_FULL,133403,133499,0.2690967273647802
ADA-002_FULL,133403,135100,0.26961421009126246
ADA-002_FULL,133403,133405,0.2745171805426411
ADA-002_FULL,133403,133411,0.2756712401074442
ADA-002_FULL,133403,133402,0.28543783859693816
ADA-002_FULL,133403,133408,0.288031681409557
ADA-002_FULL,133403,131800,0.2916859636187198
ADA-002_FULL,133404,133404,0.0
ADA-002_FULL,133404,133499,0.2251230339429773
ADA-002_FULL,133404,131800,0.24992196531659996
ADA-002_FULL,133404,133403,0.2529156605109466
ADA-002_FULL,133404,133407,0.26173704753269633
ADA-002_FULL,133404,133411,0.262777995912587
ADA-002_FULL,133404,133409,0.2851100424566501
ADA-002_FULL,133404,133402,0.2864137334858261
ADA-002_FULL,133404,133410,0.29902511475461224
ADA-002_FULL,133405,133405,0.0
ADA-002_FULL,133405,133403,0.2745171805426411
ADA-002_FULL,133405,133402,0.2796643771771258
ADA-002_FULL,133405,133401,0.28063103901319725
ADA-002_FULL,133405,135100,0.2889185815680391
ADA-002_FULL,133406,133406,0.0
ADA-002_FULL,133406,133409,0.2638174626416187
ADA-002_FULL,133406,133403,0.2641786630011425
ADA-002_FULL,133406,133402,0.2712647594401005
ADA-002_FULL,133407,133407,0.0
ADA-002_FULL,133407,133408,0.2392906687439209
ADA-002_FULL,133407,133409,0.24499078169789634
ADA-002_FULL,133407,133499,0.2550003337654217
ADA-002_FULL,133407,133403,0.2554950516039206
ADA-002_FULL,133407,133404,0.26173704753269633
ADA-002_FULL,133407,133411,0.2811454160149233
ADA-002_FULL,133407,133410,0.29080055450905024
ADA-002_FULL,133407,133402,0.29201350842805623
ADA-002_FULL,133407,133401,0.2959463203280967
ADA-002_FULL,133407,131800,0.2991640412658008
ADA-002_FULL,133408,133408,0.0
ADA-002_FULL,133408,133407,0.2392906687439209
ADA-002_FULL,133408,133402,0.2600718434552633
ADA-002_FULL,133408,133409,0.2609115386066852
ADA-002_FULL,133408,133410,0.27844042963914895
ADA-002_FULL,133408,116403,0.2858509127311409
ADA-002_FULL,133408,133403,0.288031681409557
ADA-002_FULL,133409,133409,0.0
ADA-002_FULL,133409,133407,0.24499078169789634
ADA-002_FULL,133409,133403,0.2503905071483671
ADA-002_FULL,133409,133408,0.2609115386066852
ADA-002_FULL,133409,133406,0.2638174626416187
ADA-002_FULL,133409,133404,0.2851100424566501
ADA-002_FULL,133409,133499,0.2925011118054811
ADA-002_FULL,133409,133402,0.29592794317965554
ADA-002_FULL,133410,133410,0.0
ADA-002_FULL,133410,133408,0.27844042963914895
ADA-002_FULL,133410,133407,0.29080055450905024
ADA-002_FULL,133410,133499,0.29292794383485643
ADA-002_FULL,133410,133404,0.29902511475461224
ADA-002_FULL,133411,133411,0.0
ADA-002_FULL,133411,133499,0.2601458000719558
ADA-002_FULL,133411,133404,0.262777995912587
ADA-002_FULL,133411,133403,0.2756712401074442
ADA-002_FULL,133411,133407,0.2811454160149233
ADA-002_FULL,133411,133401,0.29517448551713427
ADA-002_FULL,133411,132600,0.2993147761984167
ADA-002_FULL,133499,133499,0.0
ADA-002_FULL,133499,139399,0.21680559309575784
ADA-002_FULL,133499,133404,0.2251230339429773
ADA-002_FULL,133499,133407,0.2550003337654217
ADA-002_FULL,133499,133411,0.2601458000719558
ADA-002_FULL,133499,133403,0.2690967273647802
ADA-002_FULL,133499,133402,0.28190623857066877
ADA-002_FULL,133499,139304,0.28489771001410424
ADA-002_FULL,133499,139306,0.289290829253303
ADA-002_FULL,133499,133409,0.2925011118054811
ADA-002_FULL,133499,133410,0.29292794383485643
ADA-002_FULL,133499,133401,0.29917132350269793
ADA-002_FULL,134200,134200,0.0
ADA-002_FULL,134200,135100,0.23755875648054534
ADA-002_FULL,135100,135100,0.0
ADA-002_FULL,135100,134200,0.23755875648054534
ADA-002_FULL,135100,133403,0.26961421009126246
ADA-002_FULL,135100,133401,0.27395815370409254
ADA-002_FULL,135100,133405,0.2889185815680391
ADA-002_FULL,135100,113000,0.298937399068299
ADA-002_FULL,139301,139301,0.0
ADA-002_FULL,139302,139302,0.0
ADA-002_FULL,139302,139399,0.26668301496237967
ADA-002_FULL,139302,139306,0.28059378904540044
ADA-002_FULL,139302,139304,0.2831105966020583
ADA-002_FULL,139303,139303,0.0
ADA-002_FULL,139303,139304,0.1825045054789139
ADA-002_FULL,139303,139399,0.27928351456384903
ADA-002_FULL,139303,139306,0.2993353745661445
ADA-002_FULL,139304,139304,0.0
ADA-002_FULL,139304,139303,0.1825045054789139
ADA-002_FULL,139304,139399,0.24405394355356494
ADA-002_FULL,139304,139302,0.2831105966020583
ADA-002_FULL,139304,133499,0.28489771001410424
ADA-002_FULL,139304,119999,0.298291104637002
ADA-002_FULL,139304,139306,0.2991413621125998
ADA-002_FULL,139305,139305,0.0
ADA-002_FULL,139305,139306,0.282246610312332
ADA-002_FULL,139306,139306,0.0
ADA-002_FULL,139306,139399,0.26559457994534913
ADA-002_FULL,139306,139302,0.28059378904540044
ADA-002_FULL,139306,139305,0.282246610312332
ADA-002_FULL,139306,133499,0.289290829253303
ADA-002_FULL,139306,139304,0.2991413621125998
ADA-002_FULL,139306,139303,0.2993353745661445
ADA-002_FULL,139399,139399,0.0
ADA-002_FULL,139399,119999,0.20761075493739703
ADA-002_FULL,139399,133499,0.21680559309575784
ADA-002_FULL,139399,139304,0.24405394355356494
ADA-002_FULL,139399,111399,0.2617335216883879
ADA-002_FULL,139399,139306,0.26559457994534913
ADA-002_FULL,139399,139302,0.26668301496237967
ADA-002_FULL,139399,139303,0.27928351456384903
ADA-002_FULL,139399,119905,0.28288501459213644
ADA-002_FULL,141501,141501,0.0
ADA-002_FULL,141501,141502,0.18755167373244422
ADA-002_FULL,141501,142300,0.2623332556001061
ADA-002_FULL,141502,141502,0.0
ADA-002_FULL,141502,141501,0.18755167373244422
ADA-002_FULL,142300,142300,0.0
ADA-002_FULL,142300,141501,0.2623332556001061
ADA-002_FULL,151201,151201,0.0
ADA-002_FULL,151201,151203,0.17257054692408194
ADA-002_FULL,151201,151202,0.2126756459311493
ADA-002_FULL,151201,153901,0.2523941974187628
ADA-002_FULL,151201,154700,0.29423646589283226
ADA-002_FULL,151202,151202,0.0
ADA-002_FULL,151202,151203,0.1943501355110837
ADA-002_FULL,151202,151201,0.2126756459311493
ADA-002_FULL,151202,153901,0.2623015905901184
ADA-002_FULL,151203,151203,0.0
ADA-002_FULL,151203,151201,0.17257054692408194
ADA-002_FULL,151203,151202,0.1943501355110837
ADA-002_FULL,151203,153901,0.25018220459876483
ADA-002_FULL,151203,153902,0.29107534114308947
ADA-002_FULL,151203,154700,0.29590099090644234
ADA-002_FULL,152101,152101,0.0
ADA-002_FULL,152102,152102,0.0
ADA-002_FULL,152102,152103,0.2649972444976933
ADA-002_FULL,152102,159802,0.2856136614885548
ADA-002_FULL,152102,153901,0.29606070103664717
ADA-002_FULL,152102,159899,0.298590752756098
ADA-002_FULL,152103,152103,0.0
ADA-002_FULL,152103,152102,0.2649972444976933
ADA-002_FULL,152103,154700,0.2996371907473004
ADA-002_FULL,153901,153901,0.0
ADA-002_FULL,153901,153902,0.21491122504988766
ADA-002_FULL,153901,151203,0.25018220459876483
ADA-002_FULL,153901,151201,0.2523941974187628
ADA-002_FULL,153901,151202,0.2623015905901184
ADA-002_FULL,153901,154700,0.2636853262232678
ADA-002_FULL,153901,152102,0.29606070103664717
ADA-002_FULL,153902,153902,0.0
ADA-002_FULL,153902,153901,0.21491122504988766
ADA-002_FULL,153902,151203,0.29107534114308947
ADA-002_FULL,154700,154700,0.0
ADA-002_FULL,154700,153901,0.2636853262232678
ADA-002_FULL,154700,151201,0.29423646589283226
ADA-002_FULL,154700,151203,0.29590099090644234
ADA-002_FULL,154700,152103,0.2996371907473004
ADA-002_FULL,155501,155501,0.0
ADA-002_FULL,155501,155503,0.2562429328797434
ADA-002_FULL,155501,155504,0.26719962551890647
ADA-002_FULL,155501,155505,0.2982335499849465
ADA-002_FULL,155502,155502,0.0
ADA-002_FULL,155502,155505,0.28479372889107135
ADA-002_FULL,155503,155503,0.0
ADA-002_FULL,155503,155504,0.18719589167030107
ADA-002_FULL,155503,155501,0.2562429328797434
ADA-002_FULL,155504,155504,0.0
ADA-002_FULL,155504,155503,0.18719589167030107
ADA-002_FULL,155504,155501,0.26719962551890647
ADA-002_FULL,155504,155505,0.27884455550067155
ADA-002_FULL,155505,155505,0.0
ADA-002_FULL,155505,155504,0.27884455550067155
ADA-002_FULL,155505,155502,0.28479372889107135
ADA-002_FULL,155505,155501,0.2982335499849465
ADA-002_FULL,159801,159801,0.0
ADA-002_FULL,159801,159899,0.28181913080591475
ADA-002_FULL,159801,159802,0.29322152161557274
ADA-002_FULL,159802,159802,0.0
ADA-002_FULL,159802,159899,0.18842861143434828
ADA-002_FULL,159802,159803,0.2694701912014823
ADA-002_FULL,159802,159804,0.2728412222525217
ADA-002_FULL,159802,152102,0.2856136614885548
ADA-002_FULL,159802,159801,0.29322152161557274
ADA-002_FULL,159803,159803,0.0
ADA-002_FULL,159803,159899,0.26799724355271554
ADA-002_FULL,159803,159802,0.2694701912014823
ADA-002_FULL,159804,159804,0.0
ADA-002_FULL,159804,159899,0.2676821163762467
ADA-002_FULL,159804,159802,0.2728412222525217
ADA-002_FULL,159899,159899,0.0
ADA-002_FULL,159899,159802,0.18842861143434828
ADA-002_FULL,159899,159804,0.2676821163762467
ADA-002_FULL,159899,159803,0.26799724355271554
ADA-002_FULL,159899,159801,0.28181913080591475
ADA-002_FULL,159899,152102,0.298590752756098
ADA-002_FULL,161001,161001,0.0
ADA-002_FULL,161002,161002,0.0
ADA-002_FULL,161003,161003,0.0
ADA-002_FULL,161003,163600,0.28459369155759234
ADA-002_FULL,161003,161099,0.2942771974307293
ADA-002_FULL,161099,161099,0.0
ADA-002_FULL,161099,162899,0.15777841084334795
ADA-002_FULL,161099,163600,0.28167642295118406
ADA-002_FULL,161099,161003,0.2942771974307293
ADA-002_FULL,162801,162801,0.0
ADA-002_FULL,162801,162803,0.29039377708480324
ADA-002_FULL,162802,162802,0.0
ADA-002_FULL,162802,162803,0.29397473722299317
ADA-002_FULL,162803,162803,0.0
ADA-002_FULL,162803,162899,0.2716847501576163
ADA-002_FULL,162803,162801,0.29039377708480324
ADA-002_FULL,162803,162802,0.29397473722299317
ADA-002_FULL,162899,162899,0.0
ADA-002_FULL,162899,161099,0.15777841084334795
ADA-002_FULL,162899,162803,0.2716847501576163
ADA-002_FULL,162899,163600,0.2895329403459369
ADA-002_FULL,163600,163600,0.0
ADA-002_FULL,163600,161099,0.28167642295118406
ADA-002_FULL,163600,161003,0.28459369155759234
ADA-002_FULL,163600,162899,0.2895329403459369
ADA-002_FULL,170900,170900,0.0
ADA-002_FULL,210101,210101,0.0
ADA-002_FULL,210101,210105,0.2870740952665136
ADA-002_FULL,210102,210102,0.0
ADA-002_FULL,210102,210109,0.20116260444481157
ADA-002_FULL,210102,210105,0.28141625438324624
ADA-002_FULL,210103,210103,0.0
ADA-002_FULL,210103,210105,0.2791653717872805
ADA-002_FULL,210104,210104,0.0
ADA-002_FULL,210104,210105,0.2969591002859765
ADA-002_FULL,210105,210105,0.0
ADA-002_FULL,210105,210103,0.2791653717872805
ADA-002_FULL,210105,210102,0.28141625438324624
ADA-002_FULL,210105,210101,0.2870740952665136
ADA-002_FULL,210105,210104,0.2969591002859765
ADA-002_FULL,210106,210106,0.0
ADA-002_FULL,210107,210107,0.0
ADA-002_FULL,210107,220901,0.19468263039675626
ADA-002_FULL,210107,210108,0.2989813623041213
ADA-002_FULL,210108,210108,0.0
ADA-002_FULL,210108,220902,0.19855571990320353
ADA-002_FULL,210108,210107,0.2989813623041213
ADA-002_FULL,210109,210109,0.0
ADA-002_FULL,210109,210102,0.20116260444481157
ADA-002_FULL,210199,210199,0.0
ADA-002_FULL,210199,220999,0.24715521058458836
ADA-002_FULL,220901,220901,0.0
ADA-002_FULL,220901,210107,0.19468263039675626
ADA-002_FULL,220901,220902,0.2822411996440041
ADA-002_FULL,220901,220906,0.28252790956233886
ADA-002_FULL,220901,220999,0.2922267222772013
ADA-002_FULL,220902,220902,0.0
ADA-002_FULL,220902,210108,0.19855571990320353
ADA-002_FULL,220902,220901,0.2822411996440041
ADA-002_FULL,220902,220906,0.29333623270152637
ADA-002_FULL,220903,220903,0.0
ADA-002_FULL,220903,220905,0.2754777447578183
ADA-002_FULL,220904,220904,0.0
ADA-002_FULL,220904,220905,0.28834544694437786
ADA-002_FULL,220905,220905,0.0
ADA-002_FULL,220905,220903,0.2754777447578183
ADA-002_FULL,220905,220904,0.28834544694437786
ADA-002_FULL,220905,220999,0.29315376080016564
ADA-002_FULL,220906,220906,0.0
ADA-002_FULL,220906,220901,0.28252790956233886
ADA-002_FULL,220906,220902,0.29333623270152637
ADA-002_FULL,220999,220999,0.0
ADA-002_FULL,220999,210199,0.24715521058458836
ADA-002_FULL,220999,220901,0.2922267222772013
ADA-002_FULL,220999,220905,0.29315376080016564
ADA-002_FULL,230600,230600,0.0
ADA-002_FULL,311601,311601,0.0
ADA-002_FULL,311601,311602,0.1946215700116604
ADA-002_FULL,311601,312401,0.19644319935781607
ADA-002_FULL,311601,311604,0.22143746210976903
ADA-002_FULL,311601,321301,0.2619057187786302
ADA-002_FULL,311601,311603,0.2808794471995531
ADA-002_FULL,311601,312402,0.2814792525401915
ADA-002_FULL,311601,321304,0.2844144477322917
ADA-002_FULL,311601,321305,0.2925089505889107
ADA-002_FULL,311601,322101,0.29844036785249467
ADA-002_FULL,311602,311602,0.0
ADA-002_FULL,311602,312402,0.1812716070480914
ADA-002_FULL,311602,311601,0.1946215700116604
ADA-002_FULL,311602,312401,0.26189434268698647
ADA-002_FULL,311602,311604,0.2794214274640454
ADA-002_FULL,311602,321301,0.2796789434603583
ADA-002_FULL,311602,321302,0.2857628533474741
ADA-002_FULL,311602,311603,0.2912699463916978
ADA-002_FULL,311602,321304,0.29745719233054485
ADA-002_FULL,311603,311603,0.0
ADA-002_FULL,311603,312403,0.20527052877788599
ADA-002_FULL,311603,311601,0.2808794471995531
ADA-002_FULL,311603,311602,0.2912699463916978
ADA-002_FULL,311604,311604,0.0
ADA-002_FULL,311604,312404,0.1789821141613296
ADA-002_FULL,311604,321305,0.19388223352151773
ADA-002_FULL,311604,311601,0.22143746210976903
ADA-002_FULL,311604,322107,0.24573652418183356
ADA-002_FULL,311604,312401,0.274411238347525
ADA-002_FULL,311604,311602,0.2794214274640454
ADA-002_FULL,312401,312401,0.0
ADA-002_FULL,312401,311601,0.19644319935781607
ADA-002_FULL,312401,312402,0.20396689618707572
ADA-002_FULL,312401,322101,0.2273255295380573
ADA-002_FULL,312401,312404,0.23288549931343658
ADA-002_FULL,312401,322104,0.2539244817991897
ADA-002_FULL,312401,311602,0.26189434268698647
ADA-002_FULL,312401,311604,0.274411238347525
ADA-002_FULL,312401,312403,0.2753169971775563
ADA-002_FULL,312401,322105,0.29738655277683346
ADA-002_FULL,312402,312402,0.0
ADA-002_FULL,312402,311602,0.1812716070480914
ADA-002_FULL,312402,312401,0.20396689618707572
ADA-002_FULL,312402,322102,0.2754039320920574
ADA-002_FULL,312402,322101,0.27802620850333915
ADA-002_FULL,312402,311601,0.2814792525401915
ADA-002_FULL,312402,312404,0.29133604142933955
ADA-002_FULL,312402,322104,0.29504789799436365
ADA-002_FULL,312403,312403,0.0
ADA-002_FULL,312403,311603,0.20527052877788599
ADA-002_FULL,312403,312401,0.2753169971775563
ADA-002_FULL,312404,312404,0.0
ADA-002_FULL,312404,311604,0.1789821141613296
ADA-002_FULL,312404,322107,0.18682983169907147
ADA-002_FULL,312404,312401,0.23288549931343658
ADA-002_FULL,312404,321305,0.2605439663392878
ADA-002_FULL,312404,312402,0.29133604142933955
ADA-002_FULL,312404,322101,0.29829247869327674
ADA-002_FULL,321301,321301,0.0
ADA-002_FULL,321301,321304,0.11452307080524145
ADA-002_FULL,321301,321302,0.2046010626731318
ADA-002_FULL,321301,321303,0.2174278906383623
ADA-002_FULL,321301,322101,0.23000465395341885
ADA-002_FULL,321301,321305,0.2541338643109781
ADA-002_FULL,321301,322104,0.2581291698570995
ADA-002_FULL,321301,311601,0.2619057187786302
ADA-002_FULL,321301,321399,0.2722772817867597
ADA-002_FULL,321301,311602,0.2796789434603583
ADA-002_FULL,321302,321302,0.0
ADA-002_FULL,321302,321301,0.2046010626731318
ADA-002_FULL,321302,322102,0.2136627038667551
ADA-002_FULL,321302,321304,0.22676353277580097
ADA-002_FULL,321302,321303,0.2426324141127749
ADA-002_FULL,321302,311602,0.2857628533474741
ADA-002_FULL,321302,321305,0.2993001772640693
ADA-002_FULL,321303,321303,0.0
ADA-002_FULL,321303,322103,0.19686250079262635
ADA-002_FULL,321303,321301,0.2174278906383623
ADA-002_FULL,321303,321304,0.22195504715990014
ADA-002_FULL,321303,321302,0.2426324141127749
ADA-002_FULL,321304,321304,0.0
ADA-002_FULL,321304,321301,0.11452307080524145
ADA-002_FULL,321304,321303,0.22195504715990014
ADA-002_FULL,321304,322104,0.2232165887820898
ADA-002_FULL,321304,321302,0.22676353277580097
ADA-002_FULL,321304,322101,0.24407402375657258
ADA-002_FULL,321304,321305,0.26649158227121
ADA-002_FULL,321304,321399,0.28097620268955825
ADA-002_FULL,321304,311601,0.2844144477322917
ADA-002_FULL,321304,311602,0.29745719233054485
ADA-002_FULL,321305,321305,0.0
ADA-002_FULL,321305,311604,0.19388223352151773
ADA-002_FULL,321305,322107,0.2194873503867985
ADA-002_FULL,321305,321301,0.2541338643109781
ADA-002_FULL,321305,312404,0.2605439663392878
ADA-002_FULL,321305,321304,0.26649158227121
ADA-002_FULL,321305,321399,0.27062088274954427
ADA-002_FULL,321305,311601,0.2925089505889107
ADA-002_FULL,321305,321302,0.2993001772640693
ADA-002_FULL,321399,321399,0.0
ADA-002_FULL,321399,322199,0.21790491887257904
ADA-002_FULL,321399,321305,0.27062088274954427
ADA-002_FULL,321399,321301,0.2722772817867597
ADA-002_FULL,321399,321304,0.28097620268955825
ADA-002_FULL,322101,322101,0.0
ADA-002_FULL,322101,322104,0.12516357186107668
ADA-002_FULL,322101,312401,0.2273255295380573
ADA-002_FULL,322101,321301,0.23000465395341885
ADA-002_FULL,322101,322102,0.2315488280497524
ADA-002_FULL,322101,321304,0.24407402375657258
ADA-002_FULL,322101,322103,0.26549076696471297
ADA-002_FULL,322101,322105,0.26988122705992723
ADA-002_FULL,322101,322107,0.2742974438470185
ADA-002_FULL,322101,312402,0.27802620850333915
ADA-002_FULL,322101,322106,0.28073129062220326
ADA-002_FULL,322101,322199,0.2916299581656828
ADA-002_FULL,322101,312404,0.29829247869327674
ADA-002_FULL,322101,311601,0.29844036785249467
ADA-002_FULL,322102,322102,0.0
ADA-002_FULL,322102,321302,0.2136627038667551
ADA-002_FULL,322102,322101,0.2315488280497524
ADA-002_FULL,322102,322104,0.2562192287607129
ADA-002_FULL,322102,322103,0.27534531057196027
ADA-002_FULL,322102,312402,0.2754039320920574
ADA-002_FULL,322102,322106,0.2853539205481312
ADA-002_FULL,322103,322103,0.0
ADA-002_FULL,322103,321303,0.19686250079262635
ADA-002_FULL,322103,322104,0.26517341190939553
ADA-002_FULL,322103,322101,0.26549076696471297
ADA-002_FULL,322103,322102,0.27534531057196027
ADA-002_FULL,322104,322104,0.0
ADA-002_FULL,322104,322101,0.12516357186107668
ADA-002_FULL,322104,321304,0.2232165887820898
ADA-002_FULL,322104,312401,0.2539244817991897
ADA-002_FULL,322104,322102,0.2562192287607129
ADA-002_FULL,322104,321301,0.2581291698570995
ADA-002_FULL,322104,322103,0.26517341190939553
ADA-002_FULL,322104,322105,0.28075650740468927
ADA-002_FULL,322104,322107,0.2847831493244824
ADA-002_FULL,322104,322106,0.28666839986996795
ADA-002_FULL,322104,312402,0.29504789799436365
ADA-002_FULL,322105,322105,0.0
ADA-002_FULL,322105,322101,0.26988122705992723
ADA-002_FULL,322105,322199,0.2732910822240313
ADA-002_FULL,322105,322104,0.28075650740468927
ADA-002_FULL,322105,322107,0.2933002382545079
ADA-002_FULL,322105,312401,0.29738655277683346
ADA-002_FULL,322106,322106,0.0
ADA-002_FULL,322106,322101,0.28073129062220326
ADA-002_FULL,322106,322102,0.2853539205481312
ADA-002_FULL,322106,322104,0.28666839986996795
ADA-002_FULL,322107,322107,0.0
ADA-002_FULL,322107,312404,0.18682983169907147
ADA-002_FULL,322107,321305,0.2194873503867985
ADA-002_FULL,322107,311604,0.24573652418183356
ADA-002_FULL,322107,322101,0.2742974438470185
ADA-002_FULL,322107,322104,0.2847831493244824
ADA-002_FULL,322107,322105,0.2933002382545079
ADA-002_FULL,322107,322199,0.2994382995461741
ADA-002_FULL,322199,322199,0.0
ADA-002_FULL,322199,321399,0.21790491887257904
ADA-002_FULL,322199,322105,0.2732910822240313
ADA-002_FULL,322199,322101,0.2916299581656828
ADA-002_FULL,322199,322107,0.2994382995461741
ADA-002_FULL,500301,500301,0.0
ADA-002_FULL,500301,500302,0.18571418362763595
ADA-002_FULL,500301,710301,0.28660180018629045
ADA-002_FULL,500302,500302,0.0
ADA-002_FULL,500302,500301,0.18571418362763595
ADA-002_FULL,600001,600001,0.0
ADA-002_FULL,600001,600002,0.19358962609534439
ADA-002_FULL,600001,600003,0.2527100763035964
ADA-002_FULL,600001,910600,0.2678438228221374
ADA-002_FULL,600002,600002,0.0
ADA-002_FULL,600002,600001,0.19358962609534439
ADA-002_FULL,600002,600003,0.23645302152125236
ADA-002_FULL,600002,910600,0.29758801738100843
ADA-002_FULL,600003,600003,0.0
ADA-002_FULL,600003,600002,0.23645302152125236
ADA-002_FULL,600003,600001,0.2527100763035964
ADA-002_FULL,600003,810006,0.2726146173343708
ADA-002_FULL,600003,810007,0.28173709319805545
ADA-002_FULL,600003,810003,0.29539353275377533
ADA-002_FULL,600003,810001,0.2965082524694914
ADA-002_FULL,710301,710301,0.0
ADA-002_FULL,710301,724301,0.1998958406891202
ADA-002_FULL,710301,723501,0.23048582918371813
ADA-002_FULL,710301,721901,0.23348120300236033
ADA-002_FULL,710301,729403,0.24748927227736656
ADA-002_FULL,710301,725100,0.2540898979056987
ADA-002_FULL,710301,722701,0.25896017646259584
ADA-002_FULL,710301,729401,0.27308984516494555
ADA-002_FULL,710301,710302,0.27490686407139187
ADA-002_FULL,710301,724302,0.28015763484174494
ADA-002_FULL,710301,990401,0.2848534929178608
ADA-002_FULL,710301,500301,0.28660180018629045
ADA-002_FULL,710301,729402,0.29558561438210984
ADA-002_FULL,710302,710302,0.0
ADA-002_FULL,710302,710301,0.27490686407139187
ADA-002_FULL,710302,724302,0.29805133944202417
ADA-002_FULL,721901,721901,0.0
ADA-002_FULL,721901,721902,0.18899888712127288
ADA-002_FULL,721901,724301,0.2262321370214848
ADA-002_FULL,721901,710301,0.23348120300236033
ADA-002_FULL,721901,723501,0.23627942511355463
ADA-002_FULL,721901,729403,0.25163817702131525
ADA-002_FULL,721901,725100,0.27564681363878885
ADA-002_FULL,721901,729401,0.27778711035258286
ADA-002_FULL,721901,722701,0.28299613598681234
ADA-002_FULL,721901,724302,0.29164121857915687
ADA-002_FULL,721901,729404,0.2963509028207339
ADA-002_FULL,721901,729402,0.296751834972167
ADA-002_FULL,721902,721902,0.0
ADA-002_FULL,721902,721901,0.18899888712127288
ADA-002_FULL,721902,724302,0.23921670593972413
ADA-002_FULL,721902,723502,0.24568519409701176
ADA-002_FULL,721902,722702,0.2956433256220436
ADA-002_FULL,721902,729405,0.2998315120643612
ADA-002_FULL,722701,722701,0.0
ADA-002_FULL,722701,722702,0.1823825595853221
ADA-002_FULL,722701,724301,0.25654089231975574
ADA-002_FULL,722701,710301,0.25896017646259584
ADA-002_FULL,722701,723501,0.26880780299342155
ADA-002_FULL,722701,729402,0.27909303843218136
ADA-002_FULL,722701,729403,0.27936277737607945
ADA-002_FULL,722701,721901,0.28299613598681234
ADA-002_FULL,722701,725100,0.2992616314946523
ADA-002_FULL,722701,729401,0.2993974042692626
ADA-002_FULL,722702,722702,0.0
ADA-002_FULL,722702,722701,0.1823825595853221
ADA-002_FULL,722702,724302,0.2646223821411243
ADA-002_FULL,722702,723502,0.27102100889060965
ADA-002_FULL,722702,721902,0.2956433256220436
ADA-002_FULL,723501,723501,0.0
ADA-002_FULL,723501,723502,0.1880155028100738
ADA-002_FULL,723501,724301,0.22645639634367706
ADA-002_FULL,723501,710301,0.23048582918371813
ADA-002_FULL,723501,721901,0.23627942511355463
ADA-002_FULL,723501,729403,0.23838066120839577
ADA-002_FULL,723501,729401,0.2562447857358511
ADA-002_FULL,723501,722701,0.26880780299342155
ADA-002_FULL,723501,725100,0.27124259287033553
ADA-002_FULL,723501,729402,0.2725956728852034
ADA-002_FULL,723501,729404,0.28686816812867694
ADA-002_FULL,723501,724302,0.29494172246819256
ADA-002_FULL,723502,723502,0.0
ADA-002_FULL,723502,723501,0.1880155028100738
ADA-002_FULL,723502,724302,0.23423980810160414
ADA-002_FULL,723502,721902,0.24568519409701176
ADA-002_FULL,723502,722702,0.27102100889060965
ADA-002_FULL,723502,729405,0.28765190492234494
ADA-002_FULL,723502,724301,0.29438327418077476
ADA-002_FULL,723502,729403,0.29543246204668283
ADA-002_FULL,724301,724301,0.0
ADA-002_FULL,724301,724302,0.18883014327660508
ADA-002_FULL,724301,710301,0.1998958406891202
ADA-002_FULL,724301,729403,0.2112996632082987
ADA-002_FULL,724301,721901,0.2262321370214848
ADA-002_FULL,724301,723501,0.22645639634367706
ADA-002_FULL,724301,725100,0.2373775407630092
ADA-002_FULL,724301,729401,0.24235230664190868
ADA-002_FULL,724301,722701,0.25654089231975574
ADA-002_FULL,724301,729404,0.2608088335294591
ADA-002_FULL,724301,729402,0.26614736624670715
ADA-002_FULL,724301,893200,0.2672406423699819
ADA-002_FULL,724301,899199,0.2687386014884727
ADA-002_FULL,724301,899103,0.28640534295955
ADA-002_FULL,724301,2442300,0.2916080085164585
ADA-002_FULL,724301,723502,0.29438327418077476
ADA-002_FULL,724301,990402,0.2971265332876154
ADA-002_FULL,724301,899101,0.29747261726221286
ADA-002_FULL,724302,724302,0.0
ADA-002_FULL,724302,724301,0.18883014327660508
ADA-002_FULL,724302,723502,0.23423980810160414
ADA-002_FULL,724302,721902,0.23921670593972413
ADA-002_FULL,724302,729405,0.2641337103805336
ADA-002_FULL,724302,722702,0.2646223821411243
ADA-002_FULL,724302,729403,0.27739420966470024
ADA-002_FULL,724302,710301,0.28015763484174494
ADA-002_FULL,724302,2442300,0.29099457657167077
ADA-002_FULL,724302,721901,0.29164121857915687
ADA-002_FULL,724302,729401,0.2946717907355293
ADA-002_FULL,724302,723501,0.29494172246819256
ADA-002_FULL,724302,725100,0.29723572753551153
ADA-002_FULL,724302,710302,0.29805133944202417
ADA-002_FULL,725100,725100,0.0
ADA-002_FULL,725100,724301,0.2373775407630092
ADA-002_FULL,725100,710301,0.2540898979056987
ADA-002_FULL,725100,729403,0.26790186346790607
ADA-002_FULL,725100,723501,0.27124259287033553
ADA-002_FULL,725100,721901,0.27564681363878885
ADA-002_FULL,725100,729401,0.28388763819318713
ADA-002_FULL,725100,899199,0.2928605255300323
ADA-002_FULL,725100,899103,0.2946066914848643
ADA-002_FULL,725100,724302,0.29723572753551153
ADA-002_FULL,725100,729402,0.29724986531025427
ADA-002_FULL,725100,722701,0.2992616314946523
ADA-002_FULL,729401,729401,0.0
ADA-002_FULL,729401,729403,0.19024459221704335
ADA-002_FULL,729401,729402,0.20515020636036238
ADA-002_FULL,729401,724301,0.24235230664190868
ADA-002_FULL,729401,723501,0.2562447857358511
ADA-002_FULL,729401,710301,0.27308984516494555
ADA-002_FULL,729401,729404,0.27391868741692516
ADA-002_FULL,729401,721901,0.27778711035258286
ADA-002_FULL,729401,899199,0.28123397295636876
ADA-002_FULL,729401,725100,0.28388763819318713
ADA-002_FULL,729401,724302,0.2946717907355293
ADA-002_FULL,729401,899103,0.29818959255866434
ADA-002_FULL,729401,722701,0.2993974042692626
ADA-002_FULL,729402,729402,0.0
ADA-002_FULL,729402,729401,0.20515020636036238
ADA-002_FULL,729402,729403,0.2544599277674218
ADA-002_FULL,729402,724301,0.26614736624670715
ADA-002_FULL,729402,723501,0.2725956728852034
ADA-002_FULL,729402,722701,0.27909303843218136
ADA-002_FULL,729402,710301,0.29558561438210984
ADA-002_FULL,729402,721901,0.296751834972167
ADA-002_FULL,729402,725100,0.29724986531025427
ADA-002_FULL,729402,729404,0.2975415620699013
ADA-002_FULL,729403,729403,0.0
ADA-002_FULL,729403,729401,0.19024459221704335
ADA-002_FULL,729403,724301,0.2112996632082987
ADA-002_FULL,729403,723501,0.23838066120839577
ADA-002_FULL,729403,729404,0.24455113923438743
ADA-002_FULL,729403,710301,0.24748927227736656
ADA-002_FULL,729403,899199,0.2507318788840083
ADA-002_FULL,729403,721901,0.25163817702131525
ADA-002_FULL,729403,729402,0.2544599277674218
ADA-002_FULL,729403,725100,0.26790186346790607
ADA-002_FULL,729403,899103,0.26793531547913485
ADA-002_FULL,729403,724302,0.27739420966470024
ADA-002_FULL,729403,722701,0.27936277737607945
ADA-002_FULL,729403,899101,0.28759972023395786
ADA-002_FULL,729403,729405,0.28770750598852796
ADA-002_FULL,729403,723502,0.29543246204668283
ADA-002_FULL,729404,729404,0.0
ADA-002_FULL,729404,729405,0.16952361349980777
ADA-002_FULL,729404,729403,0.24455113923438743
ADA-002_FULL,729404,724301,0.2608088335294591
ADA-002_FULL,729404,729401,0.27391868741692516
ADA-002_FULL,729404,899199,0.27583343020287726
ADA-002_FULL,729404,723501,0.28686816812867694
ADA-002_FULL,729404,721901,0.2963509028207339
ADA-002_FULL,729404,729402,0.2975415620699013
ADA-002_FULL,729405,729405,0.0
ADA-002_FULL,729405,729404,0.16952361349980777
ADA-002_FULL,729405,724302,0.2641337103805336
ADA-002_FULL,729405,723502,0.28765190492234494
ADA-002_FULL,729405,729403,0.28770750598852796
ADA-002_FULL,729405,721902,0.2998315120643612
ADA-002_FULL,810001,810001,0.0
ADA-002_FULL,810001,810007,0.15942089955626074
ADA-002_FULL,810001,810006,0.18329334650987433
ADA-002_FULL,810001,810003,0.18616041800822122
ADA-002_FULL,810001,810008,0.1940416450927515
ADA-002_FULL,810001,810002,0.19544042259795127
ADA-002_FULL,810001,810004,0.2069676306189027
ADA-002_FULL,810001,810009,0.20948373779205184
ADA-002_FULL,810001,810099,0.21121943693735679
ADA-002_FULL,810001,810005,0.24963962656658145
ADA-002_FULL,810001,810010,0.2502535774605633
ADA-002_FULL,810001,600003,0.2965082524694914
ADA-002_FULL,810002,810002,0.0
ADA-002_FULL,810002,810003,0.1714328346447379
ADA-002_FULL,810002,810007,0.188770231423926
ADA-002_FULL,810002,810001,0.19544042259795127
ADA-002_FULL,810002,810099,0.19890544508450142
ADA-002_FULL,810002,810009,0.20058321191779468
ADA-002_FULL,810002,810006,0.2029033139902817
ADA-002_FULL,810002,810004,0.20438856154196056
ADA-002_FULL,810002,810008,0.22878351835682734
ADA-002_FULL,810002,810010,0.24145814171000507
ADA-002_FULL,810002,810005,0.2476215694912804
ADA-002_FULL,810003,810003,0.0
ADA-002_FULL,810003,810002,0.1714328346447379
ADA-002_FULL,810003,810001,0.18616041800822122
ADA-002_FULL,810003,810007,0.18633723267163663
ADA-002_FULL,810003,810004,0.19410280037934508
ADA-002_FULL,810003,810006,0.2088696695015088
ADA-002_FULL,810003,810099,0.22020621186755443
ADA-002_FULL,810003,810009,0.2213913586349257
ADA-002_FULL,810003,810008,0.23010833737391342
ADA-002_FULL,810003,810010,0.2462066696222557
ADA-002_FULL,810003,810005,0.2582888037387962
ADA-002_FULL,810003,600003,0.29539353275377533
ADA-002_FULL,810004,810004,0.0
ADA-002_FULL,810004,810007,0.18715236692886147
ADA-002_FULL,810004,810006,0.19297302460158533
ADA-002_FULL,810004,810003,0.19410280037934508
ADA-002_FULL,810004,810002,0.20438856154196056
ADA-002_FULL,810004,810001,0.2069676306189027
ADA-002_FULL,810004,810099,0.22362977420109062
ADA-002_FULL,810004,810009,0.22633103281710748
ADA-002_FULL,810004,810008,0.23560632485958627
ADA-002_FULL,810004,810010,0.24523874154440037
ADA-002_FULL,810004,810005,0.2608511046386963
ADA-002_FULL,810005,810005,0.0
ADA-002_FULL,810005,810010,0.18633965293276308
ADA-002_FULL,810005,810006,0.2336159582534086
ADA-002_FULL,810005,810007,0.2349338496377721
ADA-002_FULL,810005,810002,0.2476215694912804
ADA-002_FULL,810005,810001,0.24963962656658145
ADA-002_FULL,810005,810099,0.2567077163270763
ADA-002_FULL,810005,810003,0.2582888037387962
ADA-002_FULL,810005,810004,0.2608511046386963
ADA-002_FULL,810005,810008,0.26171238211033826
ADA-002_FULL,810005,810009,0.2830955135206674
ADA-002_FULL,810006,810006,0.0
ADA-002_FULL,810006,810007,0.1636430237976452
ADA-002_FULL,810006,810001,0.18329334650987433
ADA-002_FULL,810006,810004,0.19297302460158533
ADA-002_FULL,810006,810099,0.19713532663672606
ADA-002_FULL,810006,810008,0.19948808210523658
ADA-002_FULL,810006,810002,0.2029033139902817
ADA-002_FULL,810006,810003,0.2088696695015088
ADA-002_FULL,810006,810009,0.2205266506964537
ADA-002_FULL,810006,810005,0.2336159582534086
ADA-002_FULL,810006,810010,0.24274708583211602
ADA-002_FULL,810006,600003,0.2726146173343708
ADA-002_FULL,810007,810007,0.0
ADA-002_FULL,810007,810001,0.15942089955626074
ADA-002_FULL,810007,810006,0.1636430237976452
ADA-002_FULL,810007,810003,0.18633723267163663
ADA-002_FULL,810007,810004,0.18715236692886147
ADA-002_FULL,810007,810002,0.188770231423926
ADA-002_FULL,810007,810008,0.2025255591225363
ADA-002_FULL,810007,810009,0.2085138825969239
ADA-002_FULL,810007,810099,0.21245871451206513
ADA-002_FULL,810007,810010,0.22304133280536714
ADA-002_FULL,810007,810005,0.2349338496377721
ADA-002_FULL,810007,600003,0.28173709319805545
ADA-002_FULL,810008,810008,0.0
ADA-002_FULL,810008,810001,0.1940416450927515
ADA-002_FULL,810008,810006,0.19948808210523658
ADA-002_FULL,810008,810007,0.2025255591225363
ADA-002_FULL,810008,810099,0.22792589020201748
ADA-002_FULL,810008,810002,0.22878351835682734
ADA-002_FULL,810008,810003,0.23010833737391342
ADA-002_FULL,810008,810009,0.23108312249959095
ADA-002_FULL,810008,810004,0.23560632485958627
ADA-002_FULL,810008,810005,0.26171238211033826
ADA-002_FULL,810008,810010,0.2637564866444316
ADA-002_FULL,810009,810009,0.0
ADA-002_FULL,810009,810002,0.20058321191779468
ADA-002_FULL,810009,810007,0.2085138825969239
ADA-002_FULL,810009,810001,0.20948373779205184
ADA-002_FULL,810009,810006,0.2205266506964537
ADA-002_FULL,810009,810003,0.2213913586349257
ADA-002_FULL,810009,810099,0.22515245494484812
ADA-002_FULL,810009,810004,0.22633103281710748
ADA-002_FULL,810009,810008,0.23108312249959095
ADA-002_FULL,810009,810010,0.2700103231374264
ADA-002_FULL,810009,810005,0.2830955135206674
ADA-002_FULL,810010,810010,0.0
ADA-002_FULL,810010,810005,0.18633965293276308
ADA-002_FULL,810010,810007,0.22304133280536714
ADA-002_FULL,810010,810002,0.24145814171000507
ADA-002_FULL,810010,810006,0.24274708583211602
ADA-002_FULL,810010,810004,0.24523874154440037
ADA-002_FULL,810010,810003,0.2462066696222557
ADA-002_FULL,810010,810001,0.2502535774605633
ADA-002_FULL,810010,810008,0.2637564866444316
ADA-002_FULL,810010,810099,0.2661221652113022
ADA-002_FULL,810010,810009,0.2700103231374264
ADA-002_FULL,810099,810099,0.0
ADA-002_FULL,810099,810006,0.19713532663672606
ADA-002_FULL,810099,810002,0.19890544508450142
ADA-002_FULL,810099,810001,0.21121943693735679
ADA-002_FULL,810099,810007,0.21245871451206513
ADA-002_FULL,810099,810003,0.22020621186755443
ADA-002_FULL,810099,810004,0.22362977420109062
ADA-002_FULL,810099,810009,0.22515245494484812
ADA-002_FULL,810099,810008,0.22792589020201748
ADA-002_FULL,810099,810005,0.2567077163270763
ADA-002_FULL,810099,810010,0.2661221652113022
ADA-002_FULL,891600,891600,0.0
ADA-002_FULL,891600,899199,0.28296088304229594
ADA-002_FULL,892401,892401,0.0
ADA-002_FULL,892401,892402,0.10974249092923438
ADA-002_FULL,892401,892403,0.1958847254627561
ADA-002_FULL,892402,892402,0.0
ADA-002_FULL,892402,892401,0.10974249092923438
ADA-002_FULL,892402,892403,0.20178614624653116
ADA-002_FULL,892403,892403,0.0
ADA-002_FULL,892403,892401,0.1958847254627561
ADA-002_FULL,892403,892402,0.20178614624653116
ADA-002_FULL,893200,893200,0.0
ADA-002_FULL,893200,724301,0.2672406423699819
ADA-002_FULL,893200,899102,0.2699862033168484
ADA-002_FULL,893200,899199,0.28245893945156947
ADA-002_FULL,899101,899101,0.0
ADA-002_FULL,899101,899199,0.22068026336719773
ADA-002_FULL,899101,899103,0.2677208485841734
ADA-002_FULL,899101,899102,0.27451483602431265
ADA-002_FULL,899101,729403,0.28759972023395786
ADA-002_FULL,899101,724301,0.29747261726221286
ADA-002_FULL,899102,899102,0.0
ADA-002_FULL,899102,899199,0.23925001377614427
ADA-002_FULL,899102,893200,0.2699862033168484
ADA-002_FULL,899102,899101,0.27451483602431265
ADA-002_FULL,899102,899103,0.27905377627573413
ADA-002_FULL,899103,899103,0.0
ADA-002_FULL,899103,899199,0.22338745673214505
ADA-002_FULL,899103,899101,0.2677208485841734
ADA-002_FULL,899103,729403,0.26793531547913485
ADA-002_FULL,899103,899102,0.27905377627573413
ADA-002_FULL,899103,724301,0.28640534295955
ADA-002_FULL,899103,725100,0.2946066914848643
ADA-002_FULL,899103,729401,0.29818959255866434
ADA-002_FULL,899199,899199,0.0
ADA-002_FULL,899199,899101,0.22068026336719773
ADA-002_FULL,899199,899103,0.22338745673214505
ADA-002_FULL,899199,899102,0.23925001377614427
ADA-002_FULL,899199,729403,0.2507318788840083
ADA-002_FULL,899199,724301,0.2687386014884727
ADA-002_FULL,899199,729404,0.27583343020287726
ADA-002_FULL,899199,729401,0.28123397295636876
ADA-002_FULL,899199,893200,0.28245893945156947
ADA-002_FULL,899199,891600,0.28296088304229594
ADA-002_FULL,899199,725100,0.2928605255300323
ADA-002_FULL,910600,910600,0.0
ADA-002_FULL,910600,990403,0.23195191096084875
ADA-002_FULL,910600,990402,0.2517616090651996
ADA-002_FULL,910600,990401,0.25788147043482107
ADA-002_FULL,910600,600001,0.2678438228221374
ADA-002_FULL,910600,600002,0.29758801738100843
ADA-002_FULL,990401,990401,0.0
ADA-002_FULL,990401,990402,0.1515367511474755
ADA-002_FULL,990401,990403,0.17224549310321785
ADA-002_FULL,990401,910600,0.25788147043482107
ADA-002_FULL,990401,710301,0.2848534929178608
ADA-002_FULL,990402,990402,0.0
ADA-002_FULL,990402,990403,0.10044255327803764
ADA-002_FULL,990402,990401,0.1515367511474755
ADA-002_FULL,990402,910600,0.2517616090651996
ADA-002_FULL,990402,724301,0.2971265332876154
ADA-002_FULL,990403,990403,0.0
ADA-002_FULL,990403,990402,0.10044255327803764
ADA-002_FULL,990403,990401,0.17224549310321785
ADA-002_FULL,990403,910600,0.23195191096084875
ADA-002_FULL,1011201,1011201,0.0
ADA-002_FULL,1011201,1011203,0.11846924158011064
ADA-002_FULL,1011201,1011202,0.1317637334269159
ADA-002_FULL,1011201,1011204,0.1673888274488034
ADA-002_FULL,1011201,1012103,0.19021162603383832
ADA-002_FULL,1011202,1011202,0.0
ADA-002_FULL,1011202,1011201,0.1317637334269159
ADA-002_FULL,1011202,1011203,0.138675604808271
ADA-002_FULL,1011202,1011204,0.1999068019785265
ADA-002_FULL,1011202,1012103,0.21615106537423823
ADA-002_FULL,1011203,1011203,0.0
ADA-002_FULL,1011203,1011201,0.11846924158011064
ADA-002_FULL,1011203,1011202,0.138675604808271
ADA-002_FULL,1011203,1012103,0.19391176651849126
ADA-002_FULL,1011203,1011204,0.19818057924144342
ADA-002_FULL,1011204,1011204,0.0
ADA-002_FULL,1011204,1011201,0.1673888274488034
ADA-002_FULL,1011204,1011203,0.19818057924144342
ADA-002_FULL,1011204,1011202,0.1999068019785265
ADA-002_FULL,1011204,1012103,0.23316036203296078
ADA-002_FULL,1011205,1011205,0.0
ADA-002_FULL,1011205,1012104,0.2264386957642497
ADA-002_FULL,1012101,1012101,0.0
ADA-002_FULL,1012101,1012102,0.1373343935110956
ADA-002_FULL,1012101,1012103,0.23792007075479704
ADA-002_FULL,1012101,1012104,0.24403319089312392
ADA-002_FULL,1012102,1012102,0.0
ADA-002_FULL,1012102,1012101,0.1373343935110956
ADA-002_FULL,1012102,1012103,0.23521080682081608
ADA-002_FULL,1012102,1012104,0.2453217033811587
ADA-002_FULL,1012103,1012103,0.0
ADA-002_FULL,1012103,1011201,0.19021162603383832
ADA-002_FULL,1012103,1011203,0.19391176651849126
ADA-002_FULL,1012103,1011202,0.21615106537423823
ADA-002_FULL,1012103,1011204,0.23316036203296078
ADA-002_FULL,1012103,1012102,0.23521080682081608
ADA-002_FULL,1012103,1012101,0.23792007075479704
ADA-002_FULL,1012103,1012104,0.26315358898798763
ADA-002_FULL,1012104,1012104,0.0
ADA-002_FULL,1012104,1011205,0.2264386957642497
ADA-002_FULL,1012104,1012101,0.24403319089312392
ADA-002_FULL,1012104,1012102,0.2453217033811587
ADA-002_FULL,1012104,1012103,0.26315358898798763
ADA-002_FULL,1013901,1013901,0.0
ADA-002_FULL,1013901,1013902,0.21539516751452345
ADA-002_FULL,1013902,1013902,0.0
ADA-002_FULL,1013902,1013901,0.21539516751452345
ADA-002_FULL,1020101,1020101,0.0
ADA-002_FULL,1020101,1020102,0.17669399135544603
ADA-002_FULL,1020102,1020102,0.0
ADA-002_FULL,1020102,1020101,0.17669399135544603
ADA-002_FULL,1031700,1031700,0.0
ADA-002_FULL,1031700,1032599,0.21218380333622083
ADA-002_FULL,1031700,1032501,0.258355023535082
ADA-002_FULL,1031700,1033302,0.2629414539398421
ADA-002_FULL,1031700,1033301,0.26815287451401826
ADA-002_FULL,1032501,1032501,0.0
ADA-002_FULL,1032501,1032599,0.188183155286045
ADA-002_FULL,1032501,1031700,0.258355023535082
ADA-002_FULL,1032599,1032599,0.0
ADA-002_FULL,1032599,1032501,0.188183155286045
ADA-002_FULL,1032599,1031700,0.21218380333622083
ADA-002_FULL,1032599,1033302,0.27147607782981875
ADA-002_FULL,1032599,1033301,0.29652120819379063
ADA-002_FULL,1033301,1033301,0.0
ADA-002_FULL,1033301,1033302,0.1292810619029005
ADA-002_FULL,1033301,1031700,0.26815287451401826
ADA-002_FULL,1033301,1032599,0.29652120819379063
ADA-002_FULL,1033302,1033302,0.0
ADA-002_FULL,1033302,1033301,0.1292810619029005
ADA-002_FULL,1033302,1031700,0.2629414539398421
ADA-002_FULL,1033302,1032599,0.27147607782981875
ADA-002_FULL,1041400,1041400,0.0
ADA-002_FULL,1041400,1042200,0.16240997996440398
ADA-002_FULL,1041400,1065102,0.2823491953037975
ADA-002_FULL,1041400,1043100,0.28595780120028724
ADA-002_FULL,1042200,1042200,0.0
ADA-002_FULL,1042200,1041400,0.16240997996440398
ADA-002_FULL,1042200,1065103,0.2764940601085295
ADA-002_FULL,1042200,1043100,0.278921956055647
ADA-002_FULL,1043100,1043100,0.0
ADA-002_FULL,1043100,1042200,0.278921956055647
ADA-002_FULL,1043100,1041400,0.28595780120028724
ADA-002_FULL,1051100,1051100,0.0
ADA-002_FULL,1052000,1052000,0.0
ADA-002_FULL,1052000,1094500,0.2952328007118052
ADA-002_FULL,1053800,1053800,0.0
ADA-002_FULL,1061901,1061901,0.0
ADA-002_FULL,1061901,1061902,0.1416069618656936
ADA-002_FULL,1061902,1061902,0.0
ADA-002_FULL,1061902,1061901,0.1416069618656936
ADA-002_FULL,1062700,1062700,0.0
ADA-002_FULL,1062700,1066000,0.265824466106695
ADA-002_FULL,1062700,1064300,0.26913532561088716
ADA-002_FULL,1062700,1069400,0.2693156065931004
ADA-002_FULL,1062700,1063500,0.2803128236521752
ADA-002_FULL,1063500,1063500,0.0
ADA-002_FULL,1063500,1064300,0.2549137602309839
ADA-002_FULL,1063500,1062700,0.2803128236521752
ADA-002_FULL,1063500,1065101,0.2871997697528431
ADA-002_FULL,1063500,1066000,0.2883940410889915
ADA-002_FULL,1064300,1064300,0.0
ADA-002_FULL,1064300,1065103,0.2181674191810961
ADA-002_FULL,1064300,1065102,0.22639853825994385
ADA-002_FULL,1064300,1063500,0.2549137602309839
ADA-002_FULL,1064300,1065101,0.25521050024856845
ADA-002_FULL,1064300,1062700,0.26913532561088716
ADA-002_FULL,1064300,1066000,0.29325214763988017
ADA-002_FULL,1065101,1065101,0.0
ADA-002_FULL,1065101,1065102,0.20723005367205935
ADA-002_FULL,1065101,1065103,0.21851947425228171
ADA-002_FULL,1065101,1064300,0.25521050024856845
ADA-002_FULL,1065101,1063500,0.2871997697528431
ADA-002_FULL,1065102,1065102,0.0
ADA-002_FULL,1065102,1065103,0.17264150805728604
ADA-002_FULL,1065102,1065101,0.20723005367205935
ADA-002_FULL,1065102,1064300,0.22639853825994385
ADA-002_FULL,1065102,1041400,0.2823491953037975
ADA-002_FULL,1065103,1065103,0.0
ADA-002_FULL,1065103,1065102,0.17264150805728604
ADA-002_FULL,1065103,1064300,0.2181674191810961
ADA-002_FULL,1065103,1065101,0.21851947425228171
ADA-002_FULL,1065103,1042200,0.2764940601085295
ADA-002_FULL,1066000,1066000,0.0
ADA-002_FULL,1066000,1062700,0.265824466106695
ADA-002_FULL,1066000,1069400,0.2734894315311219
ADA-002_FULL,1066000,1063500,0.2883940410889915
ADA-002_FULL,1066000,1064300,0.29325214763988017
ADA-002_FULL,1066000,1094500,0.2946326748642829
ADA-002_FULL,1069400,1069400,0.0
ADA-002_FULL,1069400,1062700,0.2693156065931004
ADA-002_FULL,1069400,1066000,0.2734894315311219
ADA-002_FULL,1071600,1071600,0.0
ADA-002_FULL,1071600,1072401,0.22622214805224908
ADA-002_FULL,1071600,1072402,0.29723716877594714
ADA-002_FULL,1072401,1072401,0.0
ADA-002_FULL,1072401,1071600,0.22622214805224908
ADA-002_FULL,1072401,1072402,0.27009641337028467
ADA-002_FULL,1072402,1072402,0.0
ADA-002_FULL,1072402,1072401,0.27009641337028467
ADA-002_FULL,1072402,1071600,0.29723716877594714
ADA-002_FULL,1081301,1081301,0.0
ADA-002_FULL,1081301,1081302,0.20057568501313125
ADA-002_FULL,1081301,1082100,0.24236031542005504
ADA-002_FULL,1081302,1081302,0.0
ADA-002_FULL,1081302,1081301,0.20057568501313125
ADA-002_FULL,1081302,1082100,0.2016897292289871
ADA-002_FULL,1082100,1082100,0.0
ADA-002_FULL,1082100,1081302,0.2016897292289871
ADA-002_FULL,1082100,1081301,0.24236031542005504
ADA-002_FULL,1091101,1091101,0.0
ADA-002_FULL,1091101,1091102,0.18769747802335685
ADA-002_FULL,1091101,1092900,0.2770843847446905
ADA-002_FULL,1091101,1094500,0.28873237892751197
ADA-002_FULL,1091102,1091102,0.0
ADA-002_FULL,1091102,1091101,0.18769747802335685
ADA-002_FULL,1091102,1092900,0.28760809008293586
ADA-002_FULL,1092900,1092900,0.0
ADA-002_FULL,1092900,1091101,0.2770843847446905
ADA-002_FULL,1092900,1091102,0.28760809008293586
ADA-002_FULL,1093701,1093701,0.0
ADA-002_FULL,1093701,1093702,0.28708367175061894
ADA-002_FULL,1093702,1093702,0.0
ADA-002_FULL,1093702,1093701,0.28708367175061894
ADA-002_FULL,1094500,1094500,0.0
ADA-002_FULL,1094500,1096100,0.2619334553536722
ADA-002_FULL,1094500,1091101,0.28873237892751197
ADA-002_FULL,1094500,1099699,0.28960300005291745
ADA-002_FULL,1094500,1066000,0.2946326748642829
ADA-002_FULL,1094500,1052000,0.2952328007118052
ADA-002_FULL,1095300,1095300,0.0
ADA-002_FULL,1096100,1096100,0.0
ADA-002_FULL,1096100,1094500,0.2619334553536722
ADA-002_FULL,1099601,1099601,0.0
ADA-002_FULL,1099601,1099603,0.2895479087204147
ADA-002_FULL,1099601,1099699,0.2912880025372097
ADA-002_FULL,1099602,1099602,0.0
ADA-002_FULL,1099602,1099699,0.19941497007226655
ADA-002_FULL,1099602,1099607,0.24852990167397518
ADA-002_FULL,1099603,1099603,0.0
ADA-002_FULL,1099603,1099699,0.27584565636693564
ADA-002_FULL,1099603,1099601,0.2895479087204147
ADA-002_FULL,1099604,1099604,0.0
ADA-002_FULL,1099605,1099605,0.0
ADA-002_FULL,1099606,1099606,0.0
ADA-002_FULL,1099606,1099607,0.2945997409952495
ADA-002_FULL,1099607,1099607,0.0
ADA-002_FULL,1099607,1099699,0.21820216924506075
ADA-002_FULL,1099607,1099602,0.24852990167397518
ADA-002_FULL,1099607,1099606,0.2945997409952495
ADA-002_FULL,1099699,1099699,0.0
ADA-002_FULL,1099699,1099602,0.19941497007226655
ADA-002_FULL,1099699,1099607,0.21820216924506075
ADA-002_FULL,1099699,1099603,0.27584565636693564
ADA-002_FULL,1099699,3299099,0.28296550481348387
ADA-002_FULL,1099699,1094500,0.28960300005291745
ADA-002_FULL,1099699,1099601,0.2912880025372097
ADA-002_FULL,1099699,2599399,0.29455589325545134
ADA-002_FULL,1099699,2099199,0.2984145005685169
ADA-002_FULL,1111901,1111901,0.0
ADA-002_FULL,1111901,1111902,0.19352271028107573
ADA-002_FULL,1111902,1111902,0.0
ADA-002_FULL,1111902,1111901,0.19352271028107573
ADA-002_FULL,1111902,1122499,0.28841470216084114
ADA-002_FULL,1112700,1112700,0.0
ADA-002_FULL,1113501,1113501,0.0
ADA-002_FULL,1113501,1113502,0.18895744203630166
ADA-002_FULL,1113502,1113502,0.0
ADA-002_FULL,1113502,1113501,0.18895744203630166
ADA-002_FULL,1121600,1121600,0.0
ADA-002_FULL,1121600,1122499,0.2945286963272788
ADA-002_FULL,1121600,1122404,0.2972313727876716
ADA-002_FULL,1122401,1122401,0.0
ADA-002_FULL,1122401,1122499,0.17077758966554285
ADA-002_FULL,1122401,1122404,0.2073884397784827
ADA-002_FULL,1122401,1122403,0.2529311942729175
ADA-002_FULL,1122401,1122402,0.286505413282211
ADA-002_FULL,1122402,1122402,0.0
ADA-002_FULL,1122402,1122499,0.2864304449198498
ADA-002_FULL,1122402,1122401,0.286505413282211
ADA-002_FULL,1122403,1122403,0.0
ADA-002_FULL,1122403,1122401,0.2529311942729175
ADA-002_FULL,1122403,1122499,0.25500917441745313
ADA-002_FULL,1122403,1122404,0.2976550310009019
ADA-002_FULL,1122404,1122404,0.0
ADA-002_FULL,1122404,1122401,0.2073884397784827
ADA-002_FULL,1122404,1122499,0.22200827446864863
ADA-002_FULL,1122404,1121600,0.2972313727876716
ADA-002_FULL,1122404,1122403,0.2976550310009019
ADA-002_FULL,1122499,1122499,0.0
ADA-002_FULL,1122499,1122401,0.17077758966554285
ADA-002_FULL,1122499,1122404,0.22200827446864863
ADA-002_FULL,1122499,1122403,0.25500917441745313
ADA-002_FULL,1122499,1122402,0.2864304449198498
ADA-002_FULL,1122499,1111902,0.28841470216084114
ADA-002_FULL,1122499,1121600,0.2945286963272788
ADA-002_FULL,1210700,1210700,0.0
ADA-002_FULL,1210700,1220401,0.2948529307832644
ADA-002_FULL,1220401,1220401,0.0
ADA-002_FULL,1220401,1220402,0.14946500172429608
ADA-002_FULL,1220401,1220499,0.19910267102199175
ADA-002_FULL,1220401,1220403,0.20609480747041914
ADA-002_FULL,1220401,1210700,0.2948529307832644
ADA-002_FULL,1220402,1220402,0.0
ADA-002_FULL,1220402,1220401,0.14946500172429608
ADA-002_FULL,1220402,1220499,0.2046130025225238
ADA-002_FULL,1220402,1220403,0.23078282539033448
ADA-002_FULL,1220403,1220403,0.0
ADA-002_FULL,1220403,1220401,0.20609480747041914
ADA-002_FULL,1220403,1220402,0.23078282539033448
ADA-002_FULL,1220403,1220499,0.2612612201377989
ADA-002_FULL,1220499,1220499,0.0
ADA-002_FULL,1220499,1220401,0.19910267102199175
ADA-002_FULL,1220499,1220402,0.2046130025225238
ADA-002_FULL,1220499,1220403,0.2612612201377989
ADA-002_FULL,1311100,1311100,0.0
ADA-002_FULL,1311100,1312000,0.20790239837816826
ADA-002_FULL,1311100,1313800,0.2795189227905295
ADA-002_FULL,1311100,1321900,0.2906506092961526
ADA-002_FULL,1312000,1312000,0.0
ADA-002_FULL,1312000,1311100,0.20790239837816826
ADA-002_FULL,1312000,1313800,0.2562961286742818
ADA-002_FULL,1312000,1322700,0.2571678325976567
ADA-002_FULL,1313800,1313800,0.0
ADA-002_FULL,1313800,1323500,0.22470148462110312
ADA-002_FULL,1313800,1312000,0.2562961286742818
ADA-002_FULL,1313800,2040100,0.2680829123859013
ADA-002_FULL,1313800,1311100,0.2795189227905295
ADA-002_FULL,1314600,1314600,0.0
ADA-002_FULL,1314600,1330800,0.2940323232771549
ADA-002_FULL,1321900,1321900,0.0
ADA-002_FULL,1321900,1322700,0.18426945556795074
ADA-002_FULL,1321900,1323500,0.23499836847081057
ADA-002_FULL,1321900,1311100,0.2906506092961526
ADA-002_FULL,1322700,1322700,0.0
ADA-002_FULL,1322700,1321900,0.18426945556795074
ADA-002_FULL,1322700,1323500,0.20758919033593695
ADA-002_FULL,1322700,1312000,0.2571678325976567
ADA-002_FULL,1323500,1323500,0.0
ADA-002_FULL,1323500,1322700,0.20758919033593695
ADA-002_FULL,1323500,1313800,0.22470148462110312
ADA-002_FULL,1323500,1321900,0.23499836847081057
ADA-002_FULL,1323500,1330800,0.2925631023176452
ADA-002_FULL,1323500,2040100,0.2935396859164179
ADA-002_FULL,1323500,1354500,0.29843872465345106
ADA-002_FULL,1330800,1330800,0.0
ADA-002_FULL,1330800,1354500,0.28366020424899174
ADA-002_FULL,1330800,1352900,0.29061593639101085
ADA-002_FULL,1330800,1351100,0.2907433579364074
ADA-002_FULL,1330800,1323500,0.2925631023176452
ADA-002_FULL,1330800,1314600,0.2940323232771549
ADA-002_FULL,1330800,1422300,0.2962971110568652
ADA-002_FULL,1340501,1340501,0.0
ADA-002_FULL,1340501,1340599,0.23935646483720316
ADA-002_FULL,1340501,1340502,0.2522928549843623
ADA-002_FULL,1340501,1352900,0.29225600038009253
ADA-002_FULL,1340501,1351100,0.2937926150286874
ADA-002_FULL,1340501,1354500,0.2963547632761302
ADA-002_FULL,1340502,1340502,0.0
ADA-002_FULL,1340502,1340501,0.2522928549843623
ADA-002_FULL,1340502,1340599,0.2782565444756265
ADA-002_FULL,1340599,1340599,0.0
ADA-002_FULL,1340599,1340501,0.23935646483720316
ADA-002_FULL,1340599,1340502,0.2782565444756265
ADA-002_FULL,1351100,1351100,0.0
ADA-002_FULL,1351100,1352900,0.20968945173112727
ADA-002_FULL,1351100,1354500,0.2394770623872647
ADA-002_FULL,1351100,1359600,0.24141737850793685
ADA-002_FULL,1351100,1353700,0.26771670086740257
ADA-002_FULL,1351100,1330800,0.2907433579364074
ADA-002_FULL,1351100,1340501,0.2937926150286874
ADA-002_FULL,1352900,1352900,0.0
ADA-002_FULL,1352900,1351100,0.20968945173112727
ADA-002_FULL,1352900,1354500,0.23558304076074765
ADA-002_FULL,1352900,1353700,0.2438964321492211
ADA-002_FULL,1352900,1359600,0.25426549529624165
ADA-002_FULL,1352900,1330800,0.29061593639101085
ADA-002_FULL,1352900,1340501,0.29225600038009253
ADA-002_FULL,1353700,1353700,0.0
ADA-002_FULL,1353700,1352900,0.2438964321492211
ADA-002_FULL,1353700,1351100,0.26771670086740257
ADA-002_FULL,1353700,1354500,0.2813209203475611
ADA-002_FULL,1353700,1359600,0.29217567523350335
ADA-002_FULL,1354500,1354500,0.0
ADA-002_FULL,1354500,1352900,0.23558304076074765
ADA-002_FULL,1354500,1351100,0.2394770623872647
ADA-002_FULL,1354500,1359600,0.25550484474135077
ADA-002_FULL,1354500,1353700,0.2813209203475611
ADA-002_FULL,1354500,1330800,0.28366020424899174
ADA-002_FULL,1354500,1340501,0.2963547632761302
ADA-002_FULL,1354500,1323500,0.29843872465345106
ADA-002_FULL,1359600,1359600,0.0
ADA-002_FULL,1359600,1351100,0.24141737850793685
ADA-002_FULL,1359600,1352900,0.25426549529624165
ADA-002_FULL,1359600,1354500,0.25550484474135077
ADA-002_FULL,1359600,1353700,0.29217567523350335
ADA-002_FULL,1359600,3299099,0.29620839939681476
ADA-002_FULL,1359600,3299005,0.2988325513360321
ADA-002_FULL,1411801,1411801,0.0
ADA-002_FULL,1411801,1411802,0.1821984072879405
ADA-002_FULL,1411801,1413401,0.22620425679628983
ADA-002_FULL,1411801,1412601,0.2270786981066789
ADA-002_FULL,1411801,1413402,0.2362600076276609
ADA-002_FULL,1411801,1412602,0.24132912982191845
ADA-002_FULL,1411801,1413403,0.2729379095902529
ADA-002_FULL,1411801,1412603,0.2934195534983891
ADA-002_FULL,1411801,1414200,0.29770053360998583
ADA-002_FULL,1411802,1411802,0.0
ADA-002_FULL,1411802,1411801,0.1821984072879405
ADA-002_FULL,1411802,1413403,0.198807885810477
ADA-002_FULL,1411802,1412603,0.20492985334079994
ADA-002_FULL,1411802,1412601,0.2637237363939113
ADA-002_FULL,1411802,1412602,0.2694873927140389
ADA-002_FULL,1411802,1413402,0.27040779387291114
ADA-002_FULL,1411802,1413401,0.27918475421888056
ADA-002_FULL,1412601,1412601,0.0
ADA-002_FULL,1412601,1412602,0.09298219712450176
ADA-002_FULL,1412601,1413401,0.18811433014596443
ADA-002_FULL,1412601,1412603,0.20857086490961005
ADA-002_FULL,1412601,1413402,0.2254517769981165
ADA-002_FULL,1412601,1411801,0.2270786981066789
ADA-002_FULL,1412601,1414200,0.23215468556286994
ADA-002_FULL,1412601,1411802,0.2637237363939113
ADA-002_FULL,1412601,1413403,0.279922585490981
ADA-002_FULL,1412601,1422300,0.2905858596156154
ADA-002_FULL,1412602,1412602,0.0
ADA-002_FULL,1412602,1412601,0.09298219712450176
ADA-002_FULL,1412602,1413401,0.20521247100353468
ADA-002_FULL,1412602,1413402,0.20590848672097165
ADA-002_FULL,1412602,1412603,0.22233083640409623
ADA-002_FULL,1412602,1411801,0.24132912982191845
ADA-002_FULL,1412602,1414200,0.24750287193404907
ADA-002_FULL,1412602,1411802,0.2694873927140389
ADA-002_FULL,1412602,1413403,0.292908993379379
ADA-002_FULL,1412602,1422300,0.29473946039042126
ADA-002_FULL,1412603,1412603,0.0
ADA-002_FULL,1412603,1411802,0.20492985334079994
ADA-002_FULL,1412603,1412601,0.20857086490961005
ADA-002_FULL,1412603,1413403,0.21730617413162595
ADA-002_FULL,1412603,1412602,0.22233083640409623
ADA-002_FULL,1412603,1413401,0.28175756513945405
ADA-002_FULL,1412603,1414200,0.28192777398877233
ADA-002_FULL,1412603,1411801,0.2934195534983891
ADA-002_FULL,1413401,1413401,0.0
ADA-002_FULL,1413401,1413402,0.1438309193469626
ADA-002_FULL,1413401,1412601,0.18811433014596443
ADA-002_FULL,1413401,1412602,0.20521247100353468
ADA-002_FULL,1413401,1413403,0.21950312101542907
ADA-002_FULL,1413401,1411801,0.22620425679628983
ADA-002_FULL,1413401,1414200,0.2480645635209272
ADA-002_FULL,1413401,1411802,0.27918475421888056
ADA-002_FULL,1413401,1412603,0.28175756513945405
ADA-002_FULL,1413402,1413402,0.0
ADA-002_FULL,1413402,1413401,0.1438309193469626
ADA-002_FULL,1413402,1412602,0.20590848672097165
ADA-002_FULL,1413402,1413403,0.22051871853990643
ADA-002_FULL,1413402,1412601,0.2254517769981165
ADA-002_FULL,1413402,1411801,0.2362600076276609
ADA-002_FULL,1413402,1411802,0.27040779387291114
ADA-002_FULL,1413402,1414200,0.28021337366785404
ADA-002_FULL,1413403,1413403,0.0
ADA-002_FULL,1413403,1411802,0.198807885810477
ADA-002_FULL,1413403,1412603,0.21730617413162595
ADA-002_FULL,1413403,1413401,0.21950312101542907
ADA-002_FULL,1413403,1413402,0.22051871853990643
ADA-002_FULL,1413403,1411801,0.2729379095902529
ADA-002_FULL,1413403,1412601,0.279922585490981
ADA-002_FULL,1413403,1412602,0.292908993379379
ADA-002_FULL,1413403,1414200,0.29510506968390826
ADA-002_FULL,1414200,1414200,0.0
ADA-002_FULL,1414200,1412601,0.23215468556286994
ADA-002_FULL,1414200,1412602,0.24750287193404907
ADA-002_FULL,1414200,1413401,0.2480645635209272
ADA-002_FULL,1414200,1413402,0.28021337366785404
ADA-002_FULL,1414200,1412603,0.28192777398877233
ADA-002_FULL,1414200,1422300,0.2837999840979968
ADA-002_FULL,1414200,1413403,0.29510506968390826
ADA-002_FULL,1414200,1411801,0.29770053360998583
ADA-002_FULL,1421500,1421500,0.0
ADA-002_FULL,1421500,1422300,0.21174304201556457
ADA-002_FULL,1422300,1422300,0.0
ADA-002_FULL,1422300,1421500,0.21174304201556457
ADA-002_FULL,1422300,1414200,0.2837999840979968
ADA-002_FULL,1422300,1412601,0.2905858596156154
ADA-002_FULL,1422300,1412602,0.29473946039042126
ADA-002_FULL,1422300,1330800,0.2962971110568652
ADA-002_FULL,1510600,1510600,0.0
ADA-002_FULL,1510600,1529700,0.28910358571733435
ADA-002_FULL,1510600,1531901,0.2971700548248429
ADA-002_FULL,1521100,1521100,0.0
ADA-002_FULL,1521100,1529700,0.2474517332427095
ADA-002_FULL,1521100,1531901,0.2882332916866822
ADA-002_FULL,1529700,1529700,0.0
ADA-002_FULL,1529700,1521100,0.2474517332427095
ADA-002_FULL,1529700,1531901,0.2523336459515554
ADA-002_FULL,1529700,1539400,0.2568200023820104
ADA-002_FULL,1529700,1510600,0.28910358571733435
ADA-002_FULL,1529700,1540800,0.2969017578753556
ADA-002_FULL,1531901,1531901,0.0
ADA-002_FULL,1531901,1533500,0.207234236484864
ADA-002_FULL,1531901,1531902,0.20905871492917794
ADA-002_FULL,1531901,1540800,0.23258738008733423
ADA-002_FULL,1531901,1539400,0.2515250851544724
ADA-002_FULL,1531901,1529700,0.2523336459515554
ADA-002_FULL,1531901,1521100,0.2882332916866822
ADA-002_FULL,1531901,1532700,0.2887193480978097
ADA-002_FULL,1531901,1510600,0.2971700548248429
ADA-002_FULL,1531902,1531902,0.0
ADA-002_FULL,1531902,1531901,0.20905871492917794
ADA-002_FULL,1531902,1533500,0.28336509287094924
ADA-002_FULL,1532700,1532700,0.0
ADA-002_FULL,1532700,1533500,0.2677485934193126
ADA-002_FULL,1532700,1540800,0.27400295818654063
ADA-002_FULL,1532700,1531901,0.2887193480978097
ADA-002_FULL,1533500,1533500,0.0
ADA-002_FULL,1533500,1531901,0.207234236484864
ADA-002_FULL,1533500,1540800,0.24811331583363208
ADA-002_FULL,1533500,1539400,0.24973696488377056
ADA-002_FULL,1533500,1532700,0.2677485934193126
ADA-002_FULL,1533500,1531902,0.28336509287094924
ADA-002_FULL,1539400,1539400,0.0
ADA-002_FULL,1539400,1533500,0.24973696488377056
ADA-002_FULL,1539400,1531901,0.2515250851544724
ADA-002_FULL,1539400,1529700,0.2568200023820104
ADA-002_FULL,1539400,1540800,0.2599636330922114
ADA-002_FULL,1540800,1540800,0.0
ADA-002_FULL,1540800,1531901,0.23258738008733423
ADA-002_FULL,1540800,1533500,0.24811331583363208
ADA-002_FULL,1540800,1539400,0.2599636330922114
ADA-002_FULL,1540800,1532700,0.27400295818654063
ADA-002_FULL,1540800,1529700,0.2969017578753556
ADA-002_FULL,1610203,1610203,0.0
ADA-002_FULL,1610203,1610204,0.1605325776943027
ADA-002_FULL,1610204,1610204,0.0
ADA-002_FULL,1610204,1610203,0.1605325776943027
ADA-002_FULL,1610205,1610205,0.0
ADA-002_FULL,1621800,1621800,0.0
ADA-002_FULL,1622601,1622601,0.0
ADA-002_FULL,1622601,1622699,0.22286605442488291
ADA-002_FULL,1622601,1622602,0.2329365596254174
ADA-002_FULL,1622602,1622602,0.0
ADA-002_FULL,1622602,1622601,0.2329365596254174
ADA-002_FULL,1622602,1622699,0.23491346327020585
ADA-002_FULL,1622699,1622699,0.0
ADA-002_FULL,1622699,1622601,0.22286605442488291
ADA-002_FULL,1622699,1622602,0.23491346327020585
ADA-002_FULL,1622699,1629301,0.2758513170550802
ADA-002_FULL,1623400,1623400,0.0
ADA-002_FULL,1629301,1629301,0.0
ADA-002_FULL,1629301,1629302,0.17609009909741868
ADA-002_FULL,1629301,1622699,0.2758513170550802
ADA-002_FULL,1629302,1629302,0.0
ADA-002_FULL,1629302,1629301,0.17609009909741868
ADA-002_FULL,1710900,1710900,0.0
ADA-002_FULL,1710900,1721400,0.23135021734331226
ADA-002_FULL,1710900,1749400,0.261753679385367
ADA-002_FULL,1710900,1722200,0.26852639440027276
ADA-002_FULL,1710900,1732000,0.2854481982412687
ADA-002_FULL,1710900,1741902,0.2900216331750934
ADA-002_FULL,1710900,1731100,0.29014378552168024
ADA-002_FULL,1721400,1721400,0.0
ADA-002_FULL,1721400,1722200,0.14839658735503486
ADA-002_FULL,1721400,1732000,0.22959397114360683
ADA-002_FULL,1721400,1710900,0.23135021734331226
ADA-002_FULL,1721400,1731100,0.24086573903185945
ADA-002_FULL,1721400,1741902,0.2530297039512414
ADA-002_FULL,1721400,1749400,0.2874740909870971
ADA-002_FULL,1721400,1741901,0.2937526466094611
ADA-002_FULL,1722200,1722200,0.0
ADA-002_FULL,1722200,1721400,0.14839658735503486
ADA-002_FULL,1722200,1732000,0.1988192532714081
ADA-002_FULL,1722200,1741902,0.261910995666706
ADA-002_FULL,1722200,1731100,0.2656011659473101
ADA-002_FULL,1722200,1710900,0.26852639440027276
ADA-002_FULL,1722200,1749400,0.2966946876650517
ADA-002_FULL,1731100,1731100,0.0
ADA-002_FULL,1731100,1732000,0.1326107710723888
ADA-002_FULL,1731100,1733800,0.22103921296181395
ADA-002_FULL,1731100,1721400,0.24086573903185945
ADA-002_FULL,1731100,1722200,0.2656011659473101
ADA-002_FULL,1731100,1741902,0.27171486165829145
ADA-002_FULL,1731100,1710900,0.29014378552168024
ADA-002_FULL,1732000,1732000,0.0
ADA-002_FULL,1732000,1731100,0.1326107710723888
ADA-002_FULL,1732000,1722200,0.1988192532714081
ADA-002_FULL,1732000,1721400,0.22959397114360683
ADA-002_FULL,1732000,1733800,0.24106965255873236
ADA-002_FULL,1732000,1741902,0.26221264408951345
ADA-002_FULL,1732000,1710900,0.2854481982412687
ADA-002_FULL,1732000,1749400,0.29323991053740234
ADA-002_FULL,1733800,1733800,0.0
ADA-002_FULL,1733800,1731100,0.22103921296181395
ADA-002_FULL,1733800,1732000,0.24106965255873236
ADA-002_FULL,1733800,1741902,0.2537366241874142
ADA-002_FULL,1733800,1749400,0.2885855166018489
ADA-002_FULL,1741901,1741901,0.0
ADA-002_FULL,1741901,1741902,0.2318794657719932
ADA-002_FULL,1741901,1749400,0.28750249756860924
ADA-002_FULL,1741901,1721400,0.2937526466094611
ADA-002_FULL,1741902,1741902,0.0
ADA-002_FULL,1741902,1749400,0.2184177253803686
ADA-002_FULL,1741902,1741901,0.2318794657719932
ADA-002_FULL,1741902,1721400,0.2530297039512414
ADA-002_FULL,1741902,1733800,0.2537366241874142
ADA-002_FULL,1741902,1722200,0.261910995666706
ADA-002_FULL,1741902,1732000,0.26221264408951345
ADA-002_FULL,1741902,1731100,0.27171486165829145
ADA-002_FULL,1741902,1742799,0.2836578625575272
ADA-002_FULL,1741902,1710900,0.2900216331750934
ADA-002_FULL,1742701,1742701,0.0
ADA-002_FULL,1742701,1742702,0.25473577806667563
ADA-002_FULL,1742701,1742799,0.27726526963653714
ADA-002_FULL,1742702,1742702,0.0
ADA-002_FULL,1742702,1742799,0.2383258905556432
ADA-002_FULL,1742702,1742701,0.25473577806667563
ADA-002_FULL,1742799,1742799,0.0
ADA-002_FULL,1742799,1742702,0.2383258905556432
ADA-002_FULL,1742799,1742701,0.27726526963653714
ADA-002_FULL,1742799,1741902,0.2836578625575272
ADA-002_FULL,1742799,1749400,0.28735144141569613
ADA-002_FULL,1749400,1749400,0.0
ADA-002_FULL,1749400,1741902,0.2184177253803686
ADA-002_FULL,1749400,1710900,0.261753679385367
ADA-002_FULL,1749400,1742799,0.28735144141569613
ADA-002_FULL,1749400,1721400,0.2874740909870971
ADA-002_FULL,1749400,1741901,0.28750249756860924
ADA-002_FULL,1749400,1733800,0.2885855166018489
ADA-002_FULL,1749400,1732000,0.29323991053740234
ADA-002_FULL,1749400,1722200,0.2966946876650517
ADA-002_FULL,1811301,1811301,0.0
ADA-002_FULL,1811301,1811302,0.12474375366248755
ADA-002_FULL,1811301,5812301,0.29198962007022544
ADA-002_FULL,1811302,1811302,0.0
ADA-002_FULL,1811302,1811301,0.12474375366248755
ADA-002_FULL,1812100,1812100,0.0
ADA-002_FULL,1812100,1813099,0.2563046407130036
ADA-002_FULL,1812100,1813001,0.267777812972785
ADA-002_FULL,1813001,1813001,0.0
ADA-002_FULL,1813001,1813099,0.15461062433305625
ADA-002_FULL,1813001,1812100,0.267777812972785
ADA-002_FULL,1813099,1813099,0.0
ADA-002_FULL,1813099,1813001,0.15461062433305625
ADA-002_FULL,1813099,1812100,0.2563046407130036
ADA-002_FULL,1821100,1821100,0.0
ADA-002_FULL,1821100,1822999,0.2451234999768194
ADA-002_FULL,1821100,1822901,0.27596376162570313
ADA-002_FULL,1822901,1822901,0.0
ADA-002_FULL,1822901,1822999,0.19315625556111943
ADA-002_FULL,1822901,1821100,0.27596376162570313
ADA-002_FULL,1822999,1822999,0.0
ADA-002_FULL,1822999,1822901,0.19315625556111943
ADA-002_FULL,1822999,1821100,0.2451234999768194
ADA-002_FULL,1830001,1830001,0.0
ADA-002_FULL,1830001,1830002,0.21377399488975535
ADA-002_FULL,1830001,1830003,0.23513110966525536
ADA-002_FULL,1830002,1830002,0.0
ADA-002_FULL,1830002,1830001,0.21377399488975535
ADA-002_FULL,1830002,1830003,0.2288826377705504
ADA-002_FULL,1830003,1830003,0.0
ADA-002_FULL,1830003,1830002,0.2288826377705504
ADA-002_FULL,1830003,1830001,0.23513110966525536
ADA-002_FULL,1910100,1910100,0.0
ADA-002_FULL,1921700,1921700,0.0
ADA-002_FULL,1921700,1922599,0.17975717985806083
ADA-002_FULL,1921700,1922502,0.24684887510977957
ADA-002_FULL,1921700,1931400,0.2473778235478148
ADA-002_FULL,1921700,1922501,0.26518941398440243
ADA-002_FULL,1921700,1932200,0.2762388250521082
ADA-002_FULL,1922501,1922501,0.0
ADA-002_FULL,1922501,1922599,0.25759509192672597
ADA-002_FULL,1922501,1921700,0.26518941398440243
ADA-002_FULL,1922501,1922502,0.29762173303727607
ADA-002_FULL,1922501,1932200,0.2979066794026417
ADA-002_FULL,1922502,1922502,0.0
ADA-002_FULL,1922502,1921700,0.24684887510977957
ADA-002_FULL,1922502,1922599,0.24920731672521435
ADA-002_FULL,1922502,1922501,0.29762173303727607
ADA-002_FULL,1922599,1922599,0.0
ADA-002_FULL,1922599,1921700,0.17975717985806083
ADA-002_FULL,1922599,1922502,0.24920731672521435
ADA-002_FULL,1922599,1922501,0.25759509192672597
ADA-002_FULL,1922599,1932200,0.26794169147008956
ADA-002_FULL,1922599,1931400,0.29311959280551253
ADA-002_FULL,1931400,1931400,0.0
ADA-002_FULL,1931400,1932200,0.21107877646803924
ADA-002_FULL,1931400,1921700,0.2473778235478148
ADA-002_FULL,1931400,1922599,0.29311959280551253
ADA-002_FULL,1932200,1932200,0.0
ADA-002_FULL,1932200,1931400,0.21107877646803924
ADA-002_FULL,1932200,1922599,0.26794169147008956
ADA-002_FULL,1932200,1921700,0.2762388250521082
ADA-002_FULL,1932200,1922501,0.2979066794026417
ADA-002_FULL,2011800,2011800,0.0
ADA-002_FULL,2012600,2012600,0.0
ADA-002_FULL,2012600,2013401,0.26473022201350915
ADA-002_FULL,2012600,2013402,0.2758361944128975
ADA-002_FULL,2012600,2022300,0.2937576193208809
ADA-002_FULL,2013401,2013401,0.0
ADA-002_FULL,2013401,2013402,0.15523814858645654
ADA-002_FULL,2013401,2012600,0.26473022201350915
ADA-002_FULL,2013402,2013402,0.0
ADA-002_FULL,2013402,2013401,0.15523814858645654
ADA-002_FULL,2013402,2012600,0.2758361944128975
ADA-002_FULL,2014200,2014200,0.0
ADA-002_FULL,2019301,2019301,0.0
ADA-002_FULL,2019301,2019399,0.2831619007865308
ADA-002_FULL,2019301,2029100,0.2994639622878001
ADA-002_FULL,2019399,2019399,0.0
ADA-002_FULL,2019399,2029100,0.19501333842328722
ADA-002_FULL,2019399,2099199,0.2623487006351489
ADA-002_FULL,2019399,2019301,0.2831619007865308
ADA-002_FULL,2021500,2021500,0.0
ADA-002_FULL,2021500,2029100,0.29093944050361714
ADA-002_FULL,2021500,2110600,0.2919246502805206
ADA-002_FULL,2022300,2022300,0.0
ADA-002_FULL,2022300,2012600,0.2937576193208809
ADA-002_FULL,2022300,2031200,0.2949644447104567
ADA-002_FULL,2029100,2029100,0.0
ADA-002_FULL,2029100,2019399,0.19501333842328722
ADA-002_FULL,2029100,2099199,0.2505488390154224
ADA-002_FULL,2029100,2021500,0.29093944050361714
ADA-002_FULL,2029100,2019301,0.2994639622878001
ADA-002_FULL,2029100,2099101,0.29995934808991637
ADA-002_FULL,2031200,2031200,0.0
ADA-002_FULL,2031200,2032100,0.21564478147190794
ADA-002_FULL,2031200,2033900,0.2746785214365222
ADA-002_FULL,2031200,2022300,0.2949644447104567
ADA-002_FULL,2032100,2032100,0.0
ADA-002_FULL,2032100,2031200,0.21564478147190794
ADA-002_FULL,2032100,2033900,0.2906456217273532
ADA-002_FULL,2033900,2033900,0.0
ADA-002_FULL,2033900,2031200,0.2746785214365222
ADA-002_FULL,2033900,2032100,0.2906456217273532
ADA-002_FULL,2040100,2040100,0.0
ADA-002_FULL,2040100,1313800,0.2680829123859013
ADA-002_FULL,2040100,1323500,0.2935396859164179
ADA-002_FULL,2051700,2051700,0.0
ADA-002_FULL,2051700,2052500,0.19207195455850085
ADA-002_FULL,2052500,2052500,0.0
ADA-002_FULL,2052500,2051700,0.19207195455850085
ADA-002_FULL,2061400,2061400,0.0
ADA-002_FULL,2061400,2062200,0.23838699012345213
ADA-002_FULL,2061400,2063100,0.23957488216129966
ADA-002_FULL,2062200,2062200,0.0
ADA-002_FULL,2062200,2061400,0.23838699012345213
ADA-002_FULL,2062200,2063100,0.24817540129633203
ADA-002_FULL,2063100,2063100,0.0
ADA-002_FULL,2063100,2061400,0.23957488216129966
ADA-002_FULL,2063100,2062200,0.24817540129633203
ADA-002_FULL,2063100,4772500,0.29438824037946854
ADA-002_FULL,2071100,2071100,0.0
ADA-002_FULL,2071100,2072000,0.18546162145035563
ADA-002_FULL,2071100,2073800,0.2777340407659931
ADA-002_FULL,2072000,2072000,0.0
ADA-002_FULL,2072000,2071100,0.18546162145035563
ADA-002_FULL,2072000,2073800,0.2970952467292211
ADA-002_FULL,2073800,2073800,0.0
ADA-002_FULL,2073800,2071100,0.2777340407659931
ADA-002_FULL,2073800,2072000,0.2970952467292211
ADA-002_FULL,2091600,2091600,0.0
ADA-002_FULL,2091600,2093200,0.2795782243463787
ADA-002_FULL,2092401,2092401,0.0
ADA-002_FULL,2092401,2092402,0.22139079663337846
ADA-002_FULL,2092401,2092403,0.26150366308145084
ADA-002_FULL,2092402,2092402,0.0
ADA-002_FULL,2092402,2092401,0.22139079663337846
ADA-002_FULL,2092402,2092403,0.23606699449692967
ADA-002_FULL,2092403,2092403,0.0
ADA-002_FULL,2092403,2092402,0.23606699449692967
ADA-002_FULL,2092403,2092401,0.26150366308145084
ADA-002_FULL,2093200,2093200,0.0
ADA-002_FULL,2093200,2091600,0.2795782243463787
ADA-002_FULL,2093200,2110600,0.2962875518495802
ADA-002_FULL,2093200,2094100,0.2969490215206547
ADA-002_FULL,2094100,2094100,0.0
ADA-002_FULL,2094100,2093200,0.2969490215206547
ADA-002_FULL,2099101,2099101,0.0
ADA-002_FULL,2099101,2099199,0.24521124534756278
ADA-002_FULL,2099101,2029100,0.29995934808991637
ADA-002_FULL,2099199,2099199,0.0
ADA-002_FULL,2099199,2099101,0.24521124534756278
ADA-002_FULL,2099199,2029100,0.2505488390154224
ADA-002_FULL,2099199,2019399,0.2623487006351489
ADA-002_FULL,2099199,3299099,0.2893417919970123
ADA-002_FULL,2099199,1099699,0.2984145005685169
ADA-002_FULL,2110600,2110600,0.0
ADA-002_FULL,2110600,2123800,0.24392858398198472
ADA-002_FULL,2110600,2122000,0.28185588458250654
ADA-002_FULL,2110600,2021500,0.2919246502805206
ADA-002_FULL,2110600,2093200,0.2962875518495802
ADA-002_FULL,2121101,2121101,0.0
ADA-002_FULL,2121101,2121103,0.2227494966048781
ADA-002_FULL,2121101,2121102,0.23338725033424879
ADA-002_FULL,2121102,2121102,0.0
ADA-002_FULL,2121102,2121103,0.20899287275679299
ADA-002_FULL,2121102,2121101,0.23338725033424879
ADA-002_FULL,2121102,2123800,0.2947465720637317
ADA-002_FULL,2121102,2122000,0.2985458561043369
ADA-002_FULL,2121103,2121103,0.0
ADA-002_FULL,2121103,2121102,0.20899287275679299
ADA-002_FULL,2121103,2121101,0.2227494966048781
ADA-002_FULL,2121103,2122000,0.2801994979616635
ADA-002_FULL,2121103,2123800,0.290821012677885
ADA-002_FULL,2122000,2122000,0.0
ADA-002_FULL,2122000,2123800,0.26310892322218976
ADA-002_FULL,2122000,2121103,0.2801994979616635
ADA-002_FULL,2122000,2110600,0.28185588458250654
ADA-002_FULL,2122000,2121102,0.2985458561043369
ADA-002_FULL,2123800,2123800,0.0
ADA-002_FULL,2123800,2110600,0.24392858398198472
ADA-002_FULL,2123800,2122000,0.26310892322218976
ADA-002_FULL,2123800,2121103,0.290821012677885
ADA-002_FULL,2123800,2121102,0.2947465720637317
ADA-002_FULL,2211100,2211100,0.0
ADA-002_FULL,2211100,2212900,0.2985083525352802
ADA-002_FULL,2212900,2212900,0.0
ADA-002_FULL,2212900,2211100,0.2985083525352802
ADA-002_FULL,2219600,2219600,0.0
ADA-002_FULL,2219600,2229399,0.27026620111549793
ADA-002_FULL,2219600,2229302,0.2867406552881572
ADA-002_FULL,2219600,2229303,0.2936534626903228
ADA-002_FULL,2219600,2229301,0.29628641935323335
ADA-002_FULL,2221800,2221800,0.0
ADA-002_FULL,2221800,2223400,0.27597325005309536
ADA-002_FULL,2221800,2222600,0.2987637055717796
ADA-002_FULL,2222600,2222600,0.0
ADA-002_FULL,2222600,2229302,0.24300471651619812
ADA-002_FULL,2222600,2229301,0.255406931917542
ADA-002_FULL,2222600,2229303,0.26382353582044743
ADA-002_FULL,2222600,2223400,0.2741037277964383
ADA-002_FULL,2222600,2229399,0.27738677643300114
ADA-002_FULL,2222600,2221800,0.2987637055717796
ADA-002_FULL,2223400,2223400,0.0
ADA-002_FULL,2223400,2229303,0.2114010625337681
ADA-002_FULL,2223400,2229302,0.2523015261994959
ADA-002_FULL,2223400,2229301,0.2616668556852419
ADA-002_FULL,2223400,2222600,0.2741037277964383
ADA-002_FULL,2223400,2221800,0.27597325005309536
ADA-002_FULL,2223400,2229399,0.28134418491393826
ADA-002_FULL,2229301,2229301,0.0
ADA-002_FULL,2229301,2229302,0.1301822952188749
ADA-002_FULL,2229301,2229399,0.14476377201189514
ADA-002_FULL,2229301,2229303,0.14531805457161953
ADA-002_FULL,2229301,2222600,0.255406931917542
ADA-002_FULL,2229301,2223400,0.2616668556852419
ADA-002_FULL,2229301,2219600,0.29628641935323335
ADA-002_FULL,2229302,2229302,0.0
ADA-002_FULL,2229302,2229399,0.12649217758438502
ADA-002_FULL,2229302,2229301,0.1301822952188749
ADA-002_FULL,2229302,2229303,0.13233300254489708
ADA-002_FULL,2229302,2222600,0.24300471651619812
ADA-002_FULL,2229302,2223400,0.2523015261994959
ADA-002_FULL,2229302,2219600,0.2867406552881572
ADA-002_FULL,2229303,2229303,0.0
ADA-002_FULL,2229303,2229302,0.13233300254489708
ADA-002_FULL,2229303,2229399,0.14067990628012986
ADA-002_FULL,2229303,2229301,0.14531805457161953
ADA-002_FULL,2229303,2223400,0.2114010625337681
ADA-002_FULL,2229303,2222600,0.26382353582044743
ADA-002_FULL,2229303,2219600,0.2936534626903228
ADA-002_FULL,2229399,2229399,0.0
ADA-002_FULL,2229399,2229302,0.12649217758438502
ADA-002_FULL,2229399,2229303,0.14067990628012986
ADA-002_FULL,2229399,2229301,0.14476377201189514
ADA-002_FULL,2229399,2219600,0.27026620111549793
ADA-002_FULL,2229399,2222600,0.27738677643300114
ADA-002_FULL,2229399,2223400,0.28134418491393826
ADA-002_FULL,2311700,2311700,0.0
ADA-002_FULL,2311700,2319200,0.2507788840465475
ADA-002_FULL,2311700,2312500,0.2843904272245564
ADA-002_FULL,2312500,2312500,0.0
ADA-002_FULL,2312500,2319200,0.21847832342373713
ADA-002_FULL,2312500,2311700,0.2843904272245564
ADA-002_FULL,2319200,2319200,0.0
ADA-002_FULL,2319200,2312500,0.21847832342373713
ADA-002_FULL,2319200,2311700,0.2507788840465475
ADA-002_FULL,2320600,2320600,0.0
ADA-002_FULL,2320600,2330302,0.24241922909483218
ADA-002_FULL,2320600,2330399,0.26950502330106413
ADA-002_FULL,2320600,2392300,0.27723371679667386
ADA-002_FULL,2320600,2330303,0.28397567447921085
ADA-002_FULL,2320600,2330304,0.28996085228236734
ADA-002_FULL,2320600,2330301,0.29205611068118487
ADA-002_FULL,2330301,2330301,0.0
ADA-002_FULL,2330301,2330304,0.18601473086388243
ADA-002_FULL,2330301,2330302,0.20055010629567357
ADA-002_FULL,2330301,2330399,0.20652428065310385
ADA-002_FULL,2330301,2330303,0.21638005474866503
ADA-002_FULL,2330301,2330305,0.2521907071596776
ADA-002_FULL,2330301,2320600,0.29205611068118487
ADA-002_FULL,2330302,2330302,0.0
ADA-002_FULL,2330302,2330303,0.11023104028394712
ADA-002_FULL,2330302,2330399,0.1431524787299896
ADA-002_FULL,2330302,2330304,0.19239779120439401
ADA-002_FULL,2330302,2330301,0.20055010629567357
ADA-002_FULL,2330302,2330305,0.2375798701130026
ADA-002_FULL,2330302,2320600,0.24241922909483218
ADA-002_FULL,2330302,2392300,0.27122645026562425
ADA-002_FULL,2330303,2330303,0.0
ADA-002_FULL,2330303,2330302,0.11023104028394712
ADA-002_FULL,2330303,2330399,0.15856147665623316
ADA-002_FULL,2330303,2330304,0.20564858272487066
ADA-002_FULL,2330303,2330301,0.21638005474866503
ADA-002_FULL,2330303,2330305,0.25472537996346717
ADA-002_FULL,2330303,2320600,0.28397567447921085
ADA-002_FULL,2330303,2392300,0.29009335225944055
ADA-002_FULL,2330304,2330304,0.0
ADA-002_FULL,2330304,2330301,0.18601473086388243
ADA-002_FULL,2330304,2330302,0.19239779120439401
ADA-002_FULL,2330304,2330303,0.20564858272487066
ADA-002_FULL,2330304,2330399,0.21292944788113088
ADA-002_FULL,2330304,2330305,0.25852331327234707
ADA-002_FULL,2330304,2320600,0.28996085228236734
ADA-002_FULL,2330305,2330305,0.0
ADA-002_FULL,2330305,2330302,0.2375798701130026
ADA-002_FULL,2330305,2330399,0.2519025638674232
ADA-002_FULL,2330305,2330301,0.2521907071596776
ADA-002_FULL,2330305,2330303,0.25472537996346717
ADA-002_FULL,2330305,2330304,0.25852331327234707
ADA-002_FULL,2330399,2330399,0.0
ADA-002_FULL,2330399,2330302,0.1431524787299896
ADA-002_FULL,2330399,2330303,0.15856147665623316
ADA-002_FULL,2330399,2330301,0.20652428065310385
ADA-002_FULL,2330399,2330304,0.21292944788113088
ADA-002_FULL,2330399,2330305,0.2519025638674232
ADA-002_FULL,2330399,2320600,0.26950502330106413
ADA-002_FULL,2330399,2392300,0.2769561327470628
ADA-002_FULL,2341900,2341900,0.0
ADA-002_FULL,2341900,2349499,0.19880067823397785
ADA-002_FULL,2341900,2349401,0.25770274594662246
ADA-002_FULL,2341900,2342702,0.26281841131756367
ADA-002_FULL,2341900,2342701,0.28508852420251374
ADA-002_FULL,2342701,2342701,0.0
ADA-002_FULL,2342701,2342702,0.23588638119852268
ADA-002_FULL,2342701,2349499,0.27363856970673095
ADA-002_FULL,2342701,2341900,0.28508852420251374
ADA-002_FULL,2342701,2349401,0.2907361668407176
ADA-002_FULL,2342702,2342702,0.0
ADA-002_FULL,2342702,2342701,0.23588638119852268
ADA-002_FULL,2342702,2349499,0.2540457048277442
ADA-002_FULL,2342702,2341900,0.26281841131756367
ADA-002_FULL,2342702,2349401,0.2792720423443143
ADA-002_FULL,2349401,2349401,0.0
ADA-002_FULL,2349401,2349499,0.23029676142629232
ADA-002_FULL,2349401,2341900,0.25770274594662246
ADA-002_FULL,2349401,2342702,0.2792720423443143
ADA-002_FULL,2349401,2342701,0.2907361668407176
ADA-002_FULL,2349499,2349499,0.0
ADA-002_FULL,2349499,2341900,0.19880067823397785
ADA-002_FULL,2349499,2349401,0.23029676142629232
ADA-002_FULL,2349499,2342702,0.2540457048277442
ADA-002_FULL,2349499,2342701,0.27363856970673095
ADA-002_FULL,2349499,2399199,0.27725890812486487
ADA-002_FULL,2391501,2391501,0.0
ADA-002_FULL,2391501,2391502,0.22650947236305163
ADA-002_FULL,2391502,2391502,0.0
ADA-002_FULL,2391502,2391501,0.22650947236305163
ADA-002_FULL,2391502,2391503,0.2507655597722754
ADA-002_FULL,2391502,2399199,0.2677762275967063
ADA-002_FULL,2391502,2399102,0.2907731008627771
ADA-002_FULL,2391503,2391503,0.0
ADA-002_FULL,2391503,2391502,0.2507655597722754
ADA-002_FULL,2392300,2392300,0.0
ADA-002_FULL,2392300,2330302,0.27122645026562425
ADA-002_FULL,2392300,2330399,0.2769561327470628
ADA-002_FULL,2392300,2320600,0.27723371679667386
ADA-002_FULL,2392300,2330303,0.29009335225944055
ADA-002_FULL,2392300,2399199,0.2904652236510509
ADA-002_FULL,2392300,2399102,0.29811983196716274
ADA-002_FULL,2399101,2399101,0.0
ADA-002_FULL,2399102,2399102,0.0
ADA-002_FULL,2399102,2399199,0.22029940442464715
ADA-002_FULL,2399102,2391502,0.2907731008627771
ADA-002_FULL,2399102,2392300,0.29811983196716274
ADA-002_FULL,2399199,2399199,0.0
ADA-002_FULL,2399199,2399102,0.22029940442464715
ADA-002_FULL,2399199,2391502,0.2677762275967063
ADA-002_FULL,2399199,2349499,0.27725890812486487
ADA-002_FULL,2399199,2599399,0.28929370684505096
ADA-002_FULL,2399199,2392300,0.2904652236510509
ADA-002_FULL,2411300,2411300,0.0
ADA-002_FULL,2411300,2412100,0.16631359831349726
ADA-002_FULL,2412100,2412100,0.0
ADA-002_FULL,2412100,2411300,0.16631359831349726
ADA-002_FULL,2412100,2421100,0.2800360797321324
ADA-002_FULL,2412100,2451200,0.29260799717649744
ADA-002_FULL,2421100,2421100,0.0
ADA-002_FULL,2421100,2412100,0.2800360797321324
ADA-002_FULL,2421100,2424501,0.2866831297216283
ADA-002_FULL,2421100,2422901,0.29286437738252347
ADA-002_FULL,2421100,2423701,0.2962217655820503
ADA-002_FULL,2422901,2422901,0.0
ADA-002_FULL,2422901,2422902,0.19852042962350339
ADA-002_FULL,2422901,2423702,0.2700431468542652
ADA-002_FULL,2422901,2421100,0.29286437738252347
ADA-002_FULL,2422901,2441502,0.29898301358733786
ADA-002_FULL,2422902,2422902,0.0
ADA-002_FULL,2422902,2422901,0.19852042962350339
ADA-002_FULL,2422902,2423702,0.25719109696149617
ADA-002_FULL,2422902,2441502,0.29809180632764953
ADA-002_FULL,2423701,2423701,0.0
ADA-002_FULL,2423701,2423702,0.21496690231522536
ADA-002_FULL,2423701,2431800,0.23142617638744614
ADA-002_FULL,2423701,2439300,0.26676577363256204
ADA-002_FULL,2423701,2421100,0.2962217655820503
ADA-002_FULL,2423702,2423702,0.0
ADA-002_FULL,2423702,2423701,0.21496690231522536
ADA-002_FULL,2423702,2422902,0.25719109696149617
ADA-002_FULL,2423702,2422901,0.2700431468542652
ADA-002_FULL,2423702,2441502,0.29734987775566346
ADA-002_FULL,2424501,2424501,0.0
ADA-002_FULL,2424501,2424502,0.19615621369207015
ADA-002_FULL,2424501,2421100,0.2866831297216283
ADA-002_FULL,2424502,2424502,0.0
ADA-002_FULL,2424502,2424501,0.19615621369207015
ADA-002_FULL,2431800,2431800,0.0
ADA-002_FULL,2431800,2439300,0.20730710311016645
ADA-002_FULL,2431800,2423701,0.23142617638744614
ADA-002_FULL,2439300,2439300,0.0
ADA-002_FULL,2439300,2431800,0.20730710311016645
ADA-002_FULL,2439300,2423701,0.26676577363256204
ADA-002_FULL,2441501,2441501,0.0
ADA-002_FULL,2441501,2441502,0.25948842644033876
ADA-002_FULL,2441501,2449101,0.2962722609203658
ADA-002_FULL,2441502,2441502,0.0
ADA-002_FULL,2441502,2441501,0.25948842644033876
ADA-002_FULL,2441502,2449102,0.26605972312489495
ADA-002_FULL,2441502,2423702,0.29734987775566346
ADA-002_FULL,2441502,2422902,0.29809180632764953
ADA-002_FULL,2441502,2422901,0.29898301358733786
ADA-002_FULL,2442300,2442300,0.0
ADA-002_FULL,2442300,2443100,0.22727712897307503
ADA-002_FULL,2442300,2449199,0.26574749340735593
ADA-002_FULL,2442300,724302,0.29099457657167077
ADA-002_FULL,2442300,724301,0.2916080085164585
ADA-002_FULL,2443100,2443100,0.0
ADA-002_FULL,2443100,2442300,0.22727712897307503
ADA-002_FULL,2443100,2449199,0.28806724708666215
ADA-002_FULL,2449101,2449101,0.0
ADA-002_FULL,2449101,2449102,0.2617221273909183
ADA-002_FULL,2449101,2441501,0.2962722609203658
ADA-002_FULL,2449102,2449102,0.0
ADA-002_FULL,2449102,2449101,0.2617221273909183
ADA-002_FULL,2449102,2441502,0.26605972312489495
ADA-002_FULL,2449103,2449103,0.0
ADA-002_FULL,2449199,2449199,0.0
ADA-002_FULL,2449199,2452100,0.2551037275674789
ADA-002_FULL,2449199,2442300,0.26574749340735593
ADA-002_FULL,2449199,2443100,0.28806724708666215
ADA-002_FULL,2451200,2451200,0.0
ADA-002_FULL,2451200,2452100,0.22990495702549688
ADA-002_FULL,2451200,2412100,0.29260799717649744
ADA-002_FULL,2452100,2452100,0.0
ADA-002_FULL,2452100,2451200,0.22990495702549688
ADA-002_FULL,2452100,2449199,0.2551037275674789
ADA-002_FULL,2452100,2531402,0.27202590211152333
ADA-002_FULL,2511000,2511000,0.0
ADA-002_FULL,2511000,2513600,0.20417350973970957
ADA-002_FULL,2511000,2512800,0.2393021329982315
ADA-002_FULL,2512800,2512800,0.0
ADA-002_FULL,2512800,2511000,0.2393021329982315
ADA-002_FULL,2512800,2513600,0.2769716528590896
ADA-002_FULL,2513600,2513600,0.0
ADA-002_FULL,2513600,2511000,0.20417350973970957
ADA-002_FULL,2513600,2512800,0.2769716528590896
ADA-002_FULL,2521700,2521700,0.0
ADA-002_FULL,2521700,2522500,0.2365313152539855
ADA-002_FULL,2521700,3311200,0.2764121388224801
ADA-002_FULL,2522500,2522500,0.0
ADA-002_FULL,2522500,2521700,0.2365313152539855
ADA-002_FULL,2531401,2531401,0.0
ADA-002_FULL,2531401,2531402,0.12278465286966367
ADA-002_FULL,2531401,2532201,0.26225913233768805
ADA-002_FULL,2531401,2539001,0.29620353421822765
ADA-002_FULL,2531402,2531402,0.0
ADA-002_FULL,2531402,2531401,0.12278465286966367
ADA-002_FULL,2531402,2532201,0.2716026268770491
ADA-002_FULL,2531402,2452100,0.27202590211152333
ADA-002_FULL,2531402,2532202,0.2961312291209374
ADA-002_FULL,2532201,2532201,0.0
ADA-002_FULL,2532201,2532202,0.16809147259600948
ADA-002_FULL,2532201,2531401,0.26225913233768805
ADA-002_FULL,2532201,2531402,0.2716026268770491
ADA-002_FULL,2532201,2539002,0.29980311433845136
ADA-002_FULL,2532202,2532202,0.0
ADA-002_FULL,2532202,2532201,0.16809147259600948
ADA-002_FULL,2532202,2531402,0.2961312291209374
ADA-002_FULL,2539001,2539001,0.0
ADA-002_FULL,2539001,2539002,0.14716915123524038
ADA-002_FULL,2539001,2599302,0.28933295215969485
ADA-002_FULL,2539001,2531401,0.29620353421822765
ADA-002_FULL,2539002,2539002,0.0
ADA-002_FULL,2539002,2539001,0.14716915123524038
ADA-002_FULL,2539002,2599302,0.2973479218596405
ADA-002_FULL,2539002,2532201,0.29980311433845136
ADA-002_FULL,2541100,2541100,0.0
ADA-002_FULL,2541100,2543800,0.18463344155447817
ADA-002_FULL,2541100,2542000,0.19335745762263373
ADA-002_FULL,2541100,2593400,0.29431589157439475
ADA-002_FULL,2542000,2542000,0.0
ADA-002_FULL,2542000,2541100,0.19335745762263373
ADA-002_FULL,2542000,2543800,0.22578215794232795
ADA-002_FULL,2542000,2593400,0.299189888742444
ADA-002_FULL,2543800,2543800,0.0
ADA-002_FULL,2543800,2541100,0.18463344155447817
ADA-002_FULL,2543800,2542000,0.22578215794232795
ADA-002_FULL,2543800,2840200,0.2660229920969642
ADA-002_FULL,2550101,2550101,0.0
ADA-002_FULL,2550101,2550102,0.17863761373121387
ADA-002_FULL,2550102,2550102,0.0
ADA-002_FULL,2550102,2550101,0.17863761373121387
ADA-002_FULL,2591800,2591800,0.0
ADA-002_FULL,2591800,2599399,0.29245373633737387
ADA-002_FULL,2592601,2592601,0.0
ADA-002_FULL,2592601,2592602,0.1367636121317508
ADA-002_FULL,2592601,2599399,0.28243948131972774
ADA-002_FULL,2592602,2592602,0.0
ADA-002_FULL,2592602,2592601,0.1367636121317508
ADA-002_FULL,2592602,2599399,0.2638356203636753
ADA-002_FULL,2593400,2593400,0.0
ADA-002_FULL,2593400,2599399,0.2714144464442259
ADA-002_FULL,2593400,2541100,0.29431589157439475
ADA-002_FULL,2593400,2542000,0.299189888742444
ADA-002_FULL,2599301,2599301,0.0
ADA-002_FULL,2599301,2599399,0.2695697169933137
ADA-002_FULL,2599301,2599302,0.291805095878531
ADA-002_FULL,2599302,2599302,0.0
ADA-002_FULL,2599302,2539001,0.28933295215969485
ADA-002_FULL,2599302,2599301,0.291805095878531
ADA-002_FULL,2599302,2539002,0.2973479218596405
ADA-002_FULL,2599399,2599399,0.0
ADA-002_FULL,2599399,2592602,0.2638356203636753
ADA-002_FULL,2599399,3299099,0.2685067147000849
ADA-002_FULL,2599399,2599301,0.2695697169933137
ADA-002_FULL,2599399,2593400,0.2714144464442259
ADA-002_FULL,2599399,2592601,0.28243948131972774
ADA-002_FULL,2599399,3099700,0.28867085791930996
ADA-002_FULL,2599399,2829199,0.28882627804138117
ADA-002_FULL,2599399,2399199,0.28929370684505096
ADA-002_FULL,2599399,2790299,0.29050129791074697
ADA-002_FULL,2599399,2591800,0.29245373633737387
ADA-002_FULL,2599399,1099699,0.29455589325545134
ADA-002_FULL,2610800,2610800,0.0
ADA-002_FULL,2610800,2621300,0.2137550801239058
ADA-002_FULL,2610800,2622100,0.2578680663915396
ADA-002_FULL,2610800,2660400,0.2811466357575995
ADA-002_FULL,2610800,2670101,0.29987890920337024
ADA-002_FULL,2621300,2621300,0.0
ADA-002_FULL,2621300,2622100,0.15714482463816296
ADA-002_FULL,2621300,2610800,0.2137550801239058
ADA-002_FULL,2621300,2670101,0.2699490942405344
ADA-002_FULL,2621300,2670102,0.2848681843480024
ADA-002_FULL,2621300,2651500,0.2881013930533376
ADA-002_FULL,2621300,2660400,0.2892340155057352
ADA-002_FULL,2621300,2632900,0.2897394548906958
ADA-002_FULL,2621300,2631100,0.29480901391730213
ADA-002_FULL,2622100,2622100,0.0
ADA-002_FULL,2622100,2621300,0.15714482463816296
ADA-002_FULL,2622100,2610800,0.2578680663915396
ADA-002_FULL,2631100,2631100,0.0
ADA-002_FULL,2631100,2632900,0.2626940658339591
ADA-002_FULL,2631100,2621300,0.29480901391730213
ADA-002_FULL,2632900,2632900,0.0
ADA-002_FULL,2632900,2631100,0.2626940658339591
ADA-002_FULL,2632900,2621300,0.2897394548906958
ADA-002_FULL,2640000,2640000,0.0
ADA-002_FULL,2640000,2670102,0.29888245529659685
ADA-002_FULL,2651500,2651500,0.0
ADA-002_FULL,2651500,2652300,0.27699413001693496
ADA-002_FULL,2651500,2621300,0.2881013930533376
ADA-002_FULL,2652300,2652300,0.0
ADA-002_FULL,2652300,2651500,0.27699413001693496
ADA-002_FULL,2660400,2660400,0.0
ADA-002_FULL,2660400,2610800,0.2811466357575995
ADA-002_FULL,2660400,3312103,0.2865492697707516
ADA-002_FULL,2660400,2621300,0.2892340155057352
ADA-002_FULL,2660400,2731700,0.2990687733399837
ADA-002_FULL,2670101,2670101,0.0
ADA-002_FULL,2670101,2670102,0.14474186011239437
ADA-002_FULL,2670101,3250707,0.2687787594987422
ADA-002_FULL,2670101,2621300,0.2699490942405344
ADA-002_FULL,2670101,3250709,0.29777260613703865
ADA-002_FULL,2670101,3312104,0.2993929670168367
ADA-002_FULL,2670101,2610800,0.29987890920337024
ADA-002_FULL,2670102,2670102,0.0
ADA-002_FULL,2670102,2670101,0.14474186011239437
ADA-002_FULL,2670102,2621300,0.2848681843480024
ADA-002_FULL,2670102,2640000,0.29888245529659685
ADA-002_FULL,2680900,2680900,0.0
ADA-002_FULL,2710401,2710401,0.0
ADA-002_FULL,2710401,2710403,0.21417001115330372
ADA-002_FULL,2710401,2710402,0.23308985390778375
ADA-002_FULL,2710402,2710402,0.0
ADA-002_FULL,2710402,2710403,0.22344348728951785
ADA-002_FULL,2710402,2710401,0.23308985390778375
ADA-002_FULL,2710403,2710403,0.0
ADA-002_FULL,2710403,2710401,0.21417001115330372
ADA-002_FULL,2710403,2710402,0.22344348728951785
ADA-002_FULL,2710403,2811900,0.26839511601511146
ADA-002_FULL,2710403,2910703,0.27055275942641716
ADA-002_FULL,2710403,3313901,0.2948826426305727
ADA-002_FULL,2721000,2721000,0.0
ADA-002_FULL,2721000,2722801,0.18422734715389708
ADA-002_FULL,2721000,2722802,0.2592079045083263
ADA-002_FULL,2721000,2945000,0.27838257814611095
ADA-002_FULL,2721000,3313902,0.297545023804412
ADA-002_FULL,2722801,2722801,0.0
ADA-002_FULL,2722801,2721000,0.18422734715389708
ADA-002_FULL,2722801,2722802,0.1935828258748501
ADA-002_FULL,2722801,3313902,0.28905327956163557
ADA-002_FULL,2722802,2722802,0.0
ADA-002_FULL,2722802,2722801,0.1935828258748501
ADA-002_FULL,2722802,3313902,0.2517023685102672
ADA-002_FULL,2722802,2721000,0.2592079045083263
ADA-002_FULL,2731700,2731700,0.0
ADA-002_FULL,2731700,2732500,0.22018102551164517
ADA-002_FULL,2731700,2759701,0.27557688020253746
ADA-002_FULL,2731700,2660400,0.2990687733399837
ADA-002_FULL,2731700,3514000,0.29979868141698585
ADA-002_FULL,2732500,2732500,0.0
ADA-002_FULL,2732500,2731700,0.22018102551164517
ADA-002_FULL,2732500,2759701,0.27226787615971315
ADA-002_FULL,2732500,2945000,0.2797828246956154
ADA-002_FULL,2732500,2733300,0.2903678059054161
ADA-002_FULL,2733300,2733300,0.0
ADA-002_FULL,2733300,2732500,0.2903678059054161
ADA-002_FULL,2740601,2740601,0.0
ADA-002_FULL,2740601,2740602,0.1183744682932181
ADA-002_FULL,2740602,2740602,0.0
ADA-002_FULL,2740602,2740601,0.1183744682932181
ADA-002_FULL,2751100,2751100,0.0
ADA-002_FULL,2751100,2759701,0.2954811878740352
ADA-002_FULL,2759701,2759701,0.0
ADA-002_FULL,2759701,2759799,0.1736658976573879
ADA-002_FULL,2759701,2790299,0.2402346616822068
ADA-002_FULL,2759701,2732500,0.27226787615971315
ADA-002_FULL,2759701,2731700,0.27557688020253746
ADA-002_FULL,2759701,2751100,0.2954811878740352
ADA-002_FULL,2759799,2759799,0.0
ADA-002_FULL,2759799,2759701,0.1736658976573879
ADA-002_FULL,2759799,2790299,0.1920818057651605
ADA-002_FULL,2759799,2829199,0.281604619955738
ADA-002_FULL,2790201,2790201,0.0
ADA-002_FULL,2790201,2790299,0.29742506033639826
ADA-002_FULL,2790202,2790202,0.0
ADA-002_FULL,2790202,2790299,0.24835446115898305
ADA-002_FULL,2790299,2790299,0.0
ADA-002_FULL,2790299,2759799,0.1920818057651605
ADA-002_FULL,2790299,2759701,0.2402346616822068
ADA-002_FULL,2790299,2790202,0.24835446115898305
ADA-002_FULL,2790299,2829199,0.26094634266709793
ADA-002_FULL,2790299,3099700,0.2862631247245352
ADA-002_FULL,2790299,2599399,0.29050129791074697
ADA-002_FULL,2790299,2869100,0.2949759800268703
ADA-002_FULL,2790299,2790201,0.29742506033639826
ADA-002_FULL,2811900,2811900,0.0
ADA-002_FULL,2811900,3042300,0.24277426374159217
ADA-002_FULL,2811900,2710403,0.26839511601511146
ADA-002_FULL,2811900,2910703,0.28449887844269484
ADA-002_FULL,2811900,2814301,0.28814589320918843
ADA-002_FULL,2811900,2815102,0.2925037278570076
ADA-002_FULL,2811900,2812700,0.29713741516523706
ADA-002_FULL,2811900,2941700,0.29934807407495484
ADA-002_FULL,2812700,2812700,0.0
ADA-002_FULL,2812700,2813500,0.2732543795970847
ADA-002_FULL,2812700,3314702,0.28770802930681005
ADA-002_FULL,2812700,2814301,0.29075518610914414
ADA-002_FULL,2812700,2811900,0.29713741516523706
ADA-002_FULL,2813500,2813500,0.0
ADA-002_FULL,2813500,2812700,0.2732543795970847
ADA-002_FULL,2814301,2814301,0.0
ADA-002_FULL,2814301,2814302,0.17801301417848725
ADA-002_FULL,2814301,2811900,0.28814589320918843
ADA-002_FULL,2814301,2812700,0.29075518610914414
ADA-002_FULL,2814302,2814302,0.0
ADA-002_FULL,2814302,2814301,0.17801301417848725
ADA-002_FULL,2815101,2815101,0.0
ADA-002_FULL,2815101,2815102,0.22303812988961783
ADA-002_FULL,2815102,2815102,0.0
ADA-002_FULL,2815102,2815101,0.22303812988961783
ADA-002_FULL,2815102,2811900,0.2925037278570076
ADA-002_FULL,2821601,2821601,0.0
ADA-002_FULL,2821601,2821602,0.2326835382439266
ADA-002_FULL,2821602,2821602,0.0
ADA-002_FULL,2821602,2821601,0.2326835382439266
ADA-002_FULL,2822401,2822401,0.0
ADA-002_FULL,2822401,2822402,0.08909708372905824
ADA-002_FULL,2822401,3314708,0.29706525572988596
ADA-002_FULL,2822402,2822402,0.0
ADA-002_FULL,2822402,2822401,0.08909708372905824
ADA-002_FULL,2822402,3314708,0.2872645064148196
ADA-002_FULL,2822402,2840200,0.296074850517694
ADA-002_FULL,2823200,2823200,0.0
ADA-002_FULL,2823200,2824101,0.23476024408790092
ADA-002_FULL,2823200,2824102,0.26268808643858477
ADA-002_FULL,2823200,3314707,0.28334413438365036
ADA-002_FULL,2824101,2824101,0.0
ADA-002_FULL,2824101,2824102,0.1567848202666179
ADA-002_FULL,2824101,2823200,0.23476024408790092
ADA-002_FULL,2824102,2824102,0.0
ADA-002_FULL,2824102,2824101,0.1567848202666179
ADA-002_FULL,2824102,2823200,0.26268808643858477
ADA-002_FULL,2825900,2825900,0.0
ADA-002_FULL,2829101,2829101,0.0
ADA-002_FULL,2829101,2829199,0.24930252293368224
ADA-002_FULL,2829101,2869100,0.2742669083522453
ADA-002_FULL,2829101,3314709,0.293390429358017
ADA-002_FULL,2829199,2829199,0.0
ADA-002_FULL,2829199,2869100,0.17714089903511349
ADA-002_FULL,2829199,2829101,0.24930252293368224
ADA-002_FULL,2829199,2790299,0.26094634266709793
ADA-002_FULL,2829199,2861500,0.27037426470951464
ADA-002_FULL,2829199,2840200,0.2811771628107039
ADA-002_FULL,2829199,2759799,0.281604619955738
ADA-002_FULL,2829199,2599399,0.28882627804138117
ADA-002_FULL,2829199,3099700,0.29045899773395467
ADA-002_FULL,2829199,2863100,0.299688921535469
ADA-002_FULL,2831300,2831300,0.0
ADA-002_FULL,2831300,2853400,0.17849184274650087
ADA-002_FULL,2831300,2833000,0.22419389774817317
ADA-002_FULL,2831300,2832100,0.24075689935682584
ADA-002_FULL,2831300,2854200,0.28494915769519374
ADA-002_FULL,2832100,2832100,0.0
ADA-002_FULL,2832100,2833000,0.1986309163183371
ADA-002_FULL,2832100,2831300,0.24075689935682584
ADA-002_FULL,2832100,2853400,0.2889188236505615
ADA-002_FULL,2833000,2833000,0.0
ADA-002_FULL,2833000,2832100,0.1986309163183371
ADA-002_FULL,2833000,2853400,0.22110100890153217
ADA-002_FULL,2833000,2831300,0.22419389774817317
ADA-002_FULL,2833000,2854200,0.27022954189208226
ADA-002_FULL,2833000,2861500,0.28419725570889304
ADA-002_FULL,2840200,2840200,0.0
ADA-002_FULL,2840200,2861500,0.21432198382352488
ADA-002_FULL,2840200,2863100,0.26355769285997127
ADA-002_FULL,2840200,2543800,0.2660229920969642
ADA-002_FULL,2840200,2869100,0.27084183272125845
ADA-002_FULL,2840200,2864000,0.2744737121025053
ADA-002_FULL,2840200,2829199,0.2811771628107039
ADA-002_FULL,2840200,2854200,0.28839394828253573
ADA-002_FULL,2840200,2851800,0.29085837973408474
ADA-002_FULL,2840200,2866600,0.29422546525057436
ADA-002_FULL,2840200,2862300,0.29440496453181725
ADA-002_FULL,2840200,2865800,0.2945988703907616
ADA-002_FULL,2840200,2822402,0.296074850517694
ADA-002_FULL,2851800,2851800,0.0
ADA-002_FULL,2851800,2852600,0.21263578333552627
ADA-002_FULL,2851800,2861500,0.2894952205937133
ADA-002_FULL,2851800,2840200,0.29085837973408474
ADA-002_FULL,2851800,3314714,0.2938917630935049
ADA-002_FULL,2851800,2854200,0.2983916506262651
ADA-002_FULL,2852600,2852600,0.0
ADA-002_FULL,2852600,2851800,0.21263578333552627
ADA-002_FULL,2852600,2861500,0.2530227248628399
ADA-002_FULL,2852600,2854200,0.2610688875925163
ADA-002_FULL,2852600,2853400,0.28611674342972043
ADA-002_FULL,2852600,3314715,0.29743273208665955
ADA-002_FULL,2853400,2853400,0.0
ADA-002_FULL,2853400,2831300,0.17849184274650087
ADA-002_FULL,2853400,2854200,0.219161121337298
ADA-002_FULL,2853400,2833000,0.22110100890153217
ADA-002_FULL,2853400,2861500,0.28395691398130213
ADA-002_FULL,2853400,2852600,0.28611674342972043
ADA-002_FULL,2853400,2832100,0.2889188236505615
ADA-002_FULL,2854200,2854200,0.0
ADA-002_FULL,2854200,2853400,0.219161121337298
ADA-002_FULL,2854200,2852600,0.2610688875925163
ADA-002_FULL,2854200,2833000,0.27022954189208226
ADA-002_FULL,2854200,2861500,0.2731847636071312
ADA-002_FULL,2854200,4662100,0.2847150873373456
ADA-002_FULL,2854200,2831300,0.28494915769519374
ADA-002_FULL,2854200,3314717,0.2880671252355303
ADA-002_FULL,2854200,2840200,0.28839394828253573
ADA-002_FULL,2854200,2851800,0.2983916506262651
ADA-002_FULL,2861500,2861500,0.0
ADA-002_FULL,2861500,2840200,0.21432198382352488
ADA-002_FULL,2861500,2869100,0.23054868106442328
ADA-002_FULL,2861500,2852600,0.2530227248628399
ADA-002_FULL,2861500,2863100,0.2551694619214115
ADA-002_FULL,2861500,2864000,0.26800029698496397
ADA-002_FULL,2861500,2829199,0.27037426470951464
ADA-002_FULL,2861500,2854200,0.2731847636071312
ADA-002_FULL,2861500,2865800,0.27664378335317724
ADA-002_FULL,2861500,2862300,0.27768627934737344
ADA-002_FULL,2861500,2866600,0.28239895262292564
ADA-002_FULL,2861500,2853400,0.28395691398130213
ADA-002_FULL,2861500,2833000,0.28419725570889304
ADA-002_FULL,2861500,2851800,0.2894952205937133
ADA-002_FULL,2862300,2862300,0.0
ADA-002_FULL,2862300,2861500,0.27768627934737344
ADA-002_FULL,2862300,2863100,0.2910552771362945
ADA-002_FULL,2862300,2869100,0.2929320520320566
ADA-002_FULL,2862300,2840200,0.29440496453181725
ADA-002_FULL,2862300,2864000,0.2948870933631145
ADA-002_FULL,2863100,2863100,0.0
ADA-002_FULL,2863100,2864000,0.21111684434119865
ADA-002_FULL,2863100,2861500,0.2551694619214115
ADA-002_FULL,2863100,2869100,0.26159697322852055
ADA-002_FULL,2863100,2840200,0.26355769285997127
ADA-002_FULL,2863100,2866600,0.2682052165893676
ADA-002_FULL,2863100,2865800,0.26828738741258695
ADA-002_FULL,2863100,2862300,0.2910552771362945
ADA-002_FULL,2863100,2829199,0.299688921535469
ADA-002_FULL,2864000,2864000,0.0
ADA-002_FULL,2864000,2863100,0.21111684434119865
ADA-002_FULL,2864000,2861500,0.26800029698496397
ADA-002_FULL,2864000,2840200,0.2744737121025053
ADA-002_FULL,2864000,2869100,0.2844461101948921
ADA-002_FULL,2864000,2865800,0.28919955368230044
ADA-002_FULL,2864000,2862300,0.2948870933631145
ADA-002_FULL,2864000,3314720,0.2961211178332295
ADA-002_FULL,2864000,2866600,0.2975869913786381
ADA-002_FULL,2865800,2865800,0.0
ADA-002_FULL,2865800,2863100,0.26828738741258695
ADA-002_FULL,2865800,2861500,0.27664378335317724
ADA-002_FULL,2865800,2866600,0.2799674175385074
ADA-002_FULL,2865800,2864000,0.28919955368230044
ADA-002_FULL,2865800,3314721,0.2924530681977861
ADA-002_FULL,2865800,2840200,0.2945988703907616
ADA-002_FULL,2866600,2866600,0.0
ADA-002_FULL,2866600,2863100,0.2682052165893676
ADA-002_FULL,2866600,2865800,0.2799674175385074
ADA-002_FULL,2866600,2861500,0.28239895262292564
ADA-002_FULL,2866600,2869100,0.29313369242509113
ADA-002_FULL,2866600,2840200,0.29422546525057436
ADA-002_FULL,2866600,2864000,0.2975869913786381
ADA-002_FULL,2869100,2869100,0.0
ADA-002_FULL,2869100,2829199,0.17714089903511349
ADA-002_FULL,2869100,2861500,0.23054868106442328
ADA-002_FULL,2869100,2863100,0.26159697322852055
ADA-002_FULL,2869100,2840200,0.27084183272125845
ADA-002_FULL,2869100,2829101,0.2742669083522453
ADA-002_FULL,2869100,2864000,0.2844461101948921
ADA-002_FULL,2869100,2862300,0.2929320520320566
ADA-002_FULL,2869100,2866600,0.29313369242509113
ADA-002_FULL,2869100,2790299,0.2949759800268703
ADA-002_FULL,2910701,2910701,0.0
ADA-002_FULL,2910701,2910702,0.1801964453210617
ADA-002_FULL,2910701,2910703,0.1906237232500198
ADA-002_FULL,2910701,2920401,0.21103838174446332
ADA-002_FULL,2910701,2930101,0.23560927168274975
ADA-002_FULL,2910701,2930103,0.25679922883132994
ADA-002_FULL,2910701,2930102,0.26156145730134117
ADA-002_FULL,2910701,2920402,0.2676859973422213
ADA-002_FULL,2910701,2941700,0.27622836251793903
ADA-002_FULL,2910701,2942500,0.2900123810498211
ADA-002_FULL,2910701,4511101,0.29421697346061515
ADA-002_FULL,2910701,4511102,0.2952749295850113
ADA-002_FULL,2910702,2910702,0.0
ADA-002_FULL,2910702,2910701,0.1801964453210617
ADA-002_FULL,2910702,2910703,0.2081202764102822
ADA-002_FULL,2910702,2920401,0.25657058574182445
ADA-002_FULL,2910702,2920402,0.2585085791336723
ADA-002_FULL,2910702,2930101,0.2699235050619251
ADA-002_FULL,2910702,2930102,0.27336607752848013
ADA-002_FULL,2910702,2930103,0.2795212421743664
ADA-002_FULL,2910702,2941700,0.28335001610122784
ADA-002_FULL,2910703,2910703,0.0
ADA-002_FULL,2910703,2910701,0.1906237232500198
ADA-002_FULL,2910703,2920402,0.19363822342271114
ADA-002_FULL,2910703,2910702,0.2081202764102822
ADA-002_FULL,2910703,2941700,0.2679979239023719
ADA-002_FULL,2910703,2710403,0.27055275942641716
ADA-002_FULL,2910703,2920401,0.27500699940042644
ADA-002_FULL,2910703,2811900,0.28449887844269484
ADA-002_FULL,2910703,3091101,0.28983239643255126
ADA-002_FULL,2910703,2930101,0.29589594733901464
ADA-002_FULL,2910703,2930103,0.29626131107330483
ADA-002_FULL,2920401,2920401,0.0
ADA-002_FULL,2920401,2920402,0.204891457331191
ADA-002_FULL,2920401,2910701,0.21103838174446332
ADA-002_FULL,2920401,2930102,0.23121731463867193
ADA-002_FULL,2920401,2930101,0.24704586905439116
ADA-002_FULL,2920401,2910702,0.25657058574182445
ADA-002_FULL,2920401,2910703,0.27500699940042644
ADA-002_FULL,2920401,2930103,0.28105129858513
ADA-002_FULL,2920402,2920402,0.0
ADA-002_FULL,2920402,2910703,0.19363822342271114
ADA-002_FULL,2920402,2920401,0.204891457331191
ADA-002_FULL,2920402,2910702,0.2585085791336723
ADA-002_FULL,2920402,2910701,0.2676859973422213
ADA-002_FULL,2920402,2930102,0.2816990084294528
ADA-002_FULL,2920402,2941700,0.29693264050649076
ADA-002_FULL,2920402,3091101,0.29727003528251844
ADA-002_FULL,2930101,2930101,0.0
ADA-002_FULL,2930101,2930103,0.13486407280280346
ADA-002_FULL,2930101,2930102,0.17338245237988675
ADA-002_FULL,2930101,2910701,0.23560927168274975
ADA-002_FULL,2930101,2920401,0.24704586905439116
ADA-002_FULL,2930101,2910702,0.2699235050619251
ADA-002_FULL,2930101,2910703,0.29589594733901464
ADA-002_FULL,2930102,2930102,0.0
ADA-002_FULL,2930102,2930101,0.17338245237988675
ADA-002_FULL,2930102,2930103,0.17762954890337992
ADA-002_FULL,2930102,2920401,0.23121731463867193
ADA-002_FULL,2930102,2910701,0.26156145730134117
ADA-002_FULL,2930102,2910702,0.27336607752848013
ADA-002_FULL,2930102,2920402,0.2816990084294528
ADA-002_FULL,2930103,2930103,0.0
ADA-002_FULL,2930103,2930101,0.13486407280280346
ADA-002_FULL,2930103,2930102,0.17762954890337992
ADA-002_FULL,2930103,2910701,0.25679922883132994
ADA-002_FULL,2930103,2910702,0.2795212421743664
ADA-002_FULL,2930103,2920401,0.28105129858513
ADA-002_FULL,2930103,2910703,0.29626131107330483
ADA-002_FULL,2941700,2941700,0.0
ADA-002_FULL,2941700,2942500,0.1827409627903672
ADA-002_FULL,2941700,2949299,0.22385442958390472
ADA-002_FULL,2941700,2944100,0.22798535739380207
ADA-002_FULL,2941700,2943300,0.23461590957425013
ADA-002_FULL,2941700,3091102,0.2670216627691881
ADA-002_FULL,2941700,2910703,0.2679979239023719
ADA-002_FULL,2941700,3032600,0.27487259613613546
ADA-002_FULL,2941700,2910701,0.27622836251793903
ADA-002_FULL,2941700,2910702,0.28335001610122784
ADA-002_FULL,2941700,2945000,0.29168442748127854
ADA-002_FULL,2941700,2920402,0.29693264050649076
ADA-002_FULL,2941700,2811900,0.29934807407495484
ADA-002_FULL,2942500,2942500,0.0
ADA-002_FULL,2942500,2941700,0.1827409627903672
ADA-002_FULL,2942500,2944100,0.22553521370305032
ADA-002_FULL,2942500,2943300,0.23517216664817844
ADA-002_FULL,2942500,2949299,0.24802821585359985
ADA-002_FULL,2942500,3032600,0.27878662572700874
ADA-002_FULL,2942500,2910701,0.2900123810498211
ADA-002_FULL,2942500,3091102,0.298306249591176
ADA-002_FULL,2943300,2943300,0.0
ADA-002_FULL,2943300,2941700,0.23461590957425013
ADA-002_FULL,2943300,2942500,0.23517216664817844
ADA-002_FULL,2943300,2944100,0.23564390468767818
ADA-002_FULL,2943300,2949299,0.2844999647522423
ADA-002_FULL,2943300,3032600,0.29682632396690184
ADA-002_FULL,2944100,2944100,0.0
ADA-002_FULL,2944100,2942500,0.22553521370305032
ADA-002_FULL,2944100,2941700,0.22798535739380207
ADA-002_FULL,2944100,2943300,0.23564390468767818
ADA-002_FULL,2944100,2949299,0.2796103852926779
ADA-002_FULL,2945000,2945000,0.0
ADA-002_FULL,2945000,2721000,0.27838257814611095
ADA-002_FULL,2945000,2732500,0.2797828246956154
ADA-002_FULL,2945000,2941700,0.29168442748127854
ADA-002_FULL,2949201,2949201,0.0
ADA-002_FULL,2949201,2949299,0.2883129125597623
ADA-002_FULL,2949299,2949299,0.0
ADA-002_FULL,2949299,2941700,0.22385442958390472
ADA-002_FULL,2949299,2942500,0.24802821585359985
ADA-002_FULL,2949299,2944100,0.2796103852926779
ADA-002_FULL,2949299,2943300,0.2844999647522423
ADA-002_FULL,2949299,2949201,0.2883129125597623
ADA-002_FULL,2949299,3091102,0.292169094274188
ADA-002_FULL,2950600,2950600,0.0
ADA-002_FULL,3011301,3011301,0.0
ADA-002_FULL,3011301,3011302,0.1646362094417835
ADA-002_FULL,3011301,3012100,0.2690304668148826
ADA-002_FULL,3011301,3317101,0.29612790804453487
ADA-002_FULL,3011302,3011302,0.0
ADA-002_FULL,3011302,3011301,0.1646362094417835
ADA-002_FULL,3011302,3012100,0.2516073861309948
ADA-002_FULL,3012100,3012100,0.0
ADA-002_FULL,3012100,3011302,0.2516073861309948
ADA-002_FULL,3012100,3011301,0.2690304668148826
ADA-002_FULL,3012100,3317102,0.2811395753425519
ADA-002_FULL,3031800,3031800,0.0
ADA-002_FULL,3031800,3032600,0.263576745651208
ADA-002_FULL,3032600,3032600,0.0
ADA-002_FULL,3032600,3031800,0.263576745651208
ADA-002_FULL,3032600,2941700,0.27487259613613546
ADA-002_FULL,3032600,2942500,0.27878662572700874
ADA-002_FULL,3032600,2943300,0.29682632396690184
ADA-002_FULL,3041500,3041500,0.0
ADA-002_FULL,3041500,3042300,0.2564591137959628
ADA-002_FULL,3042300,3042300,0.0
ADA-002_FULL,3042300,2811900,0.24277426374159217
ADA-002_FULL,3042300,3041500,0.2564591137959628
ADA-002_FULL,3050400,3050400,0.0
ADA-002_FULL,3091101,3091101,0.0
ADA-002_FULL,3091101,3091102,0.15888590604337519
ADA-002_FULL,3091101,3092000,0.26769306809029136
ADA-002_FULL,3091101,2910703,0.28983239643255126
ADA-002_FULL,3091101,3099700,0.2950733248336736
ADA-002_FULL,3091101,2920402,0.29727003528251844
ADA-002_FULL,3091102,3091102,0.0
ADA-002_FULL,3091102,3091101,0.15888590604337519
ADA-002_FULL,3091102,3092000,0.2623071394036082
ADA-002_FULL,3091102,2941700,0.2670216627691881
ADA-002_FULL,3091102,2949299,0.292169094274188
ADA-002_FULL,3091102,4541202,0.29357835817032607
ADA-002_FULL,3091102,2942500,0.298306249591176
ADA-002_FULL,3092000,3092000,0.0
ADA-002_FULL,3092000,3091102,0.2623071394036082
ADA-002_FULL,3092000,3091101,0.26769306809029136
ADA-002_FULL,3099700,3099700,0.0
ADA-002_FULL,3099700,2790299,0.2862631247245352
ADA-002_FULL,3099700,2599399,0.28867085791930996
ADA-002_FULL,3099700,2829199,0.29045899773395467
ADA-002_FULL,3099700,3091101,0.2950733248336736
ADA-002_FULL,3101200,3101200,0.0
ADA-002_FULL,3101200,3102100,0.17249411262012335
ADA-002_FULL,3101200,3103900,0.2752456797180175
ADA-002_FULL,3102100,3102100,0.0
ADA-002_FULL,3102100,3101200,0.17249411262012335
ADA-002_FULL,3102100,3103900,0.2650817199031928
ADA-002_FULL,3103900,3103900,0.0
ADA-002_FULL,3103900,3102100,0.2650817199031928
ADA-002_FULL,3103900,3101200,0.2752456797180175
ADA-002_FULL,3104700,3104700,0.0
ADA-002_FULL,3211601,3211601,0.0
ADA-002_FULL,3211601,3211602,0.17713638508657087
ADA-002_FULL,3211601,3211603,0.22740855355811534
ADA-002_FULL,3211602,3211602,0.0
ADA-002_FULL,3211602,3211601,0.17713638508657087
ADA-002_FULL,3211602,3211603,0.21022561754117577
ADA-002_FULL,3211602,3212400,0.27844288413262064
ADA-002_FULL,3211603,3211603,0.0
ADA-002_FULL,3211603,3211602,0.21022561754117577
ADA-002_FULL,3211603,3211601,0.22740855355811534
ADA-002_FULL,3212400,3212400,0.0
ADA-002_FULL,3212400,3211602,0.27844288413262064
ADA-002_FULL,3220500,3220500,0.0
ADA-002_FULL,3230200,3230200,0.0
ADA-002_FULL,3240001,3240001,0.0
ADA-002_FULL,3240001,3240099,0.2312851083386063
ADA-002_FULL,3240002,3240002,0.0
ADA-002_FULL,3240002,3240003,0.12849438842090674
ADA-002_FULL,3240003,3240003,0.0
ADA-002_FULL,3240003,3240002,0.12849438842090674
ADA-002_FULL,3240099,3240099,0.0
ADA-002_FULL,3240099,3240001,0.2312851083386063
ADA-002_FULL,3250701,3250701,0.0
ADA-002_FULL,3250701,3250705,0.18989204215889263
ADA-002_FULL,3250701,3250702,0.1996301083162575
ADA-002_FULL,3250701,3250707,0.21664827545528226
ADA-002_FULL,3250701,3250704,0.2487430406420237
ADA-002_FULL,3250701,3250703,0.2576340225578674
ADA-002_FULL,3250701,3250709,0.2608435845897929
ADA-002_FULL,3250701,3250706,0.2665133247575122
ADA-002_FULL,3250702,3250702,0.0
ADA-002_FULL,3250702,3250705,0.1914893997426533
ADA-002_FULL,3250702,3250701,0.1996301083162575
ADA-002_FULL,3250702,3250707,0.23527586179474277
ADA-002_FULL,3250702,3250704,0.258251070185308
ADA-002_FULL,3250702,3250703,0.25894928462825084
ADA-002_FULL,3250702,3250706,0.27127200664785184
ADA-002_FULL,3250702,3250709,0.277147164396571
ADA-002_FULL,3250703,3250703,0.0
ADA-002_FULL,3250703,3250704,0.09812481961043658
ADA-002_FULL,3250703,3250705,0.25107912750993744
ADA-002_FULL,3250703,3250701,0.2576340225578674
ADA-002_FULL,3250703,3250702,0.25894928462825084
ADA-002_FULL,3250703,3250707,0.26153486805225484
ADA-002_FULL,3250703,3250706,0.28453490710254187
ADA-002_FULL,3250704,3250704,0.0
ADA-002_FULL,3250704,3250703,0.09812481961043658
ADA-002_FULL,3250704,3250701,0.2487430406420237
ADA-002_FULL,3250704,3250705,0.25170182872431346
ADA-002_FULL,3250704,3250702,0.258251070185308
ADA-002_FULL,3250704,3250707,0.2653818684854691
ADA-002_FULL,3250704,3250706,0.2885182124561206
ADA-002_FULL,3250705,3250705,0.0
ADA-002_FULL,3250705,3250707,0.17343792286032933
ADA-002_FULL,3250705,3250701,0.18989204215889263
ADA-002_FULL,3250705,3250702,0.1914893997426533
ADA-002_FULL,3250705,3250706,0.22014023140596878
ADA-002_FULL,3250705,3250709,0.24560571024696595
ADA-002_FULL,3250705,3250703,0.25107912750993744
ADA-002_FULL,3250705,3250704,0.25170182872431346
ADA-002_FULL,3250706,3250706,0.0
ADA-002_FULL,3250706,3250705,0.22014023140596878
ADA-002_FULL,3250706,3250709,0.24688950968966733
ADA-002_FULL,3250706,3250707,0.2505400479841424
ADA-002_FULL,3250706,3250701,0.2665133247575122
ADA-002_FULL,3250706,3250702,0.27127200664785184
ADA-002_FULL,3250706,3250703,0.28453490710254187
ADA-002_FULL,3250706,3250704,0.2885182124561206
ADA-002_FULL,3250707,3250707,0.0
ADA-002_FULL,3250707,3250705,0.17343792286032933
ADA-002_FULL,3250707,3250709,0.19201348288986023
ADA-002_FULL,3250707,3250701,0.21664827545528226
ADA-002_FULL,3250707,3250702,0.23527586179474277
ADA-002_FULL,3250707,3250706,0.2505400479841424
ADA-002_FULL,3250707,3250703,0.26153486805225484
ADA-002_FULL,3250707,3250704,0.2653818684854691
ADA-002_FULL,3250707,2670101,0.2687787594987422
ADA-002_FULL,3250709,3250709,0.0
ADA-002_FULL,3250709,3250707,0.19201348288986023
ADA-002_FULL,3250709,3250705,0.24560571024696595
ADA-002_FULL,3250709,3250706,0.24688950968966733
ADA-002_FULL,3250709,3250701,0.2608435845897929
ADA-002_FULL,3250709,3250702,0.277147164396571
ADA-002_FULL,3250709,2670101,0.29777260613703865
ADA-002_FULL,3291400,3291400,0.0
ADA-002_FULL,3292201,3292201,0.0
ADA-002_FULL,3292201,3292202,0.25322574314993856
ADA-002_FULL,3292202,3292202,0.0
ADA-002_FULL,3292202,3292201,0.25322574314993856
ADA-002_FULL,3299001,3299001,0.0
ADA-002_FULL,3299002,3299002,0.0
ADA-002_FULL,3299003,3299003,0.0
ADA-002_FULL,3299003,3299004,0.23286748834177276
ADA-002_FULL,3299004,3299004,0.0
ADA-002_FULL,3299004,3299003,0.23286748834177276
ADA-002_FULL,3299005,3299005,0.0
ADA-002_FULL,3299005,3299099,0.26354846305663565
ADA-002_FULL,3299005,1359600,0.2988325513360321
ADA-002_FULL,3299006,3299006,0.0
ADA-002_FULL,3299099,3299099,0.0
ADA-002_FULL,3299099,3299005,0.26354846305663565
ADA-002_FULL,3299099,2599399,0.2685067147000849
ADA-002_FULL,3299099,1099699,0.28296550481348387
ADA-002_FULL,3299099,2099199,0.2893417919970123
ADA-002_FULL,3299099,1359600,0.29620839939681476
ADA-002_FULL,3311200,3311200,0.0
ADA-002_FULL,3311200,2521700,0.2764121388224801
ADA-002_FULL,3312102,3312102,0.0
ADA-002_FULL,3312102,3312104,0.18067359867334098
ADA-002_FULL,3312102,3312103,0.23018216290338872
ADA-002_FULL,3312102,3314706,0.2766251326504482
ADA-002_FULL,3312102,3314713,0.2796565973536782
ADA-002_FULL,3312102,9521500,0.2852447768005989
ADA-002_FULL,3312102,9512600,0.29049628355709584
ADA-002_FULL,3312102,3319800,0.29064709554628415
ADA-002_FULL,3312102,3313999,0.29166961692789883
ADA-002_FULL,3312102,3314710,0.2975820952927654
ADA-002_FULL,3312102,3314799,0.2990131021575427
ADA-002_FULL,3312103,3312103,0.0
ADA-002_FULL,3312103,3312102,0.23018216290338872
ADA-002_FULL,3312103,3312104,0.2350769753448002
ADA-002_FULL,3312103,9521500,0.26524400346052124
ADA-002_FULL,3312103,3313999,0.2690670055080478
ADA-002_FULL,3312103,3314706,0.27615007233772565
ADA-002_FULL,3312103,2660400,0.2865492697707516
ADA-002_FULL,3312103,9512600,0.28989910553545056
ADA-002_FULL,3312103,3313901,0.2983154586961161
ADA-002_FULL,3312104,3312104,0.0
ADA-002_FULL,3312104,3312102,0.18067359867334098
ADA-002_FULL,3312104,3312103,0.2350769753448002
ADA-002_FULL,3312104,3314706,0.2858812637734039
ADA-002_FULL,3312104,3314713,0.2868661038079861
ADA-002_FULL,3312104,2670101,0.2993929670168367
ADA-002_FULL,3313901,3313901,0.0
ADA-002_FULL,3313901,3314701,0.2505004967437162
ADA-002_FULL,3313901,3313999,0.25209719540645736
ADA-002_FULL,3313901,3314713,0.28449425589829497
ADA-002_FULL,3313901,3314705,0.28493383584696036
ADA-002_FULL,3313901,3314706,0.2873501717615097
ADA-002_FULL,3313901,3314708,0.2934452155899313
ADA-002_FULL,3313901,3314799,0.29470462247638635
ADA-002_FULL,3313901,2710403,0.2948826426305727
ADA-002_FULL,3313901,3312103,0.2983154586961161
ADA-002_FULL,3313901,3314710,0.2984513665317116
ADA-002_FULL,3313901,4520003,0.29962291847723466
ADA-002_FULL,3313902,3313902,0.0
ADA-002_FULL,3313902,2722802,0.2517023685102672
ADA-002_FULL,3313902,2722801,0.28905327956163557
ADA-002_FULL,3313902,2721000,0.297545023804412
ADA-002_FULL,3313999,3313999,0.0
ADA-002_FULL,3313999,3319800,0.18996405831910465
ADA-002_FULL,3313999,3314799,0.20419592248904253
ADA-002_FULL,3313999,3314710,0.20716321854221978
ADA-002_FULL,3313999,3314701,0.20834078844243134
ADA-002_FULL,3313999,3314713,0.24833974351077112
ADA-002_FULL,3313999,3313901,0.25209719540645736
ADA-002_FULL,3313999,3314706,0.2534793616438078
ADA-002_FULL,3313999,3314718,0.2656142940226236
ADA-002_FULL,3313999,3312103,0.2690670055080478
ADA-002_FULL,3313999,3314709,0.27152787168204506
ADA-002_FULL,3313999,3314708,0.2732510914221307
ADA-002_FULL,3313999,3314715,0.27881570335036965
ADA-002_FULL,3313999,3312102,0.29166961692789883
ADA-002_FULL,3313999,3314719,0.29176837758105895
ADA-002_FULL,3313999,9521500,0.2935646554080135
ADA-002_FULL,3313999,3314705,0.2951101513931474
ADA-002_FULL,3313999,9529199,0.2958873796582022
ADA-002_FULL,3313999,3314714,0.29594442234459184
ADA-002_FULL,3313999,3314722,0.2972109584730537
ADA-002_FULL,3313999,3314711,0.29737500000073874
ADA-002_FULL,3314701,3314701,0.0
ADA-002_FULL,3314701,3314710,0.17892769176858464
ADA-002_FULL,3314701,3314799,0.1838287396582838
ADA-002_FULL,3314701,3314713,0.19965171196972475
ADA-002_FULL,3314701,3313999,0.20834078844243134
ADA-002_FULL,3314701,3314706,0.22080978200725188
ADA-002_FULL,3314701,3314708,0.225200701980356
ADA-002_FULL,3314701,3319800,0.22735634824662418
ADA-002_FULL,3314701,3314718,0.2289354555914711
ADA-002_FULL,3314701,3314709,0.23915834718465445
ADA-002_FULL,3314701,3314705,0.240188329283175
ADA-002_FULL,3314701,3314715,0.2452510379794558
ADA-002_FULL,3314701,3314711,0.24853816320096878
ADA-002_FULL,3314701,3314714,0.24925892831600868
ADA-002_FULL,3314701,3313901,0.2505004967437162
ADA-002_FULL,3314701,3314717,0.26064673251955217
ADA-002_FULL,3314701,3314719,0.2627831922850134
ADA-002_FULL,3314701,3314712,0.2660325027786499
ADA-002_FULL,3314701,3314704,0.2665001602181513
ADA-002_FULL,3314701,3315500,0.2669245873235701
ADA-002_FULL,3314701,3314716,0.27133121647657993
ADA-002_FULL,3314701,3314720,0.27518363226380294
ADA-002_FULL,3314701,3314707,0.276069157487889
ADA-002_FULL,3314701,3314702,0.2764863955611542
ADA-002_FULL,3314701,3314722,0.2830288022188444
ADA-002_FULL,3314701,4520001,0.2850952596422846
ADA-002_FULL,3314701,3314721,0.2863595528911879
ADA-002_FULL,3314702,3314702,0.0
ADA-002_FULL,3314702,3314703,0.2560269612969435
ADA-002_FULL,3314702,3314714,0.27025741302947276
ADA-002_FULL,3314702,3314799,0.2720858090404598
ADA-002_FULL,3314702,3314704,0.2721663919622788
ADA-002_FULL,3314702,3314718,0.27271950221192026
ADA-002_FULL,3314702,3314706,0.2728155803163585
ADA-002_FULL,3314702,3314715,0.27296130648300093
ADA-002_FULL,3314702,3314701,0.2764863955611542
ADA-002_FULL,3314702,3314708,0.27920399753973196
ADA-002_FULL,3314702,3314710,0.2795930905230879
ADA-002_FULL,3314702,3314713,0.28120651388560763
ADA-002_FULL,3314702,3314717,0.2860054825212119
ADA-002_FULL,3314702,2812700,0.28770802930681005
ADA-002_FULL,3314702,3314705,0.29302751165888835
ADA-002_FULL,3314702,3314707,0.2979945671851196
ADA-002_FULL,3314703,3314703,0.0
ADA-002_FULL,3314703,3314702,0.2560269612969435
ADA-002_FULL,3314703,3314704,0.27540883672896627
ADA-002_FULL,3314703,3314713,0.27571691977177615
ADA-002_FULL,3314703,3314799,0.2771120132488636
ADA-002_FULL,3314703,3314707,0.2791119871667735
ADA-002_FULL,3314703,3314706,0.2821693615496235
ADA-002_FULL,3314703,3314714,0.29593694870683496
ADA-002_FULL,3314703,3314710,0.2967434948820739
ADA-002_FULL,3314703,3314705,0.29874125754209785
ADA-002_FULL,3314704,3314704,0.0
ADA-002_FULL,3314704,3314707,0.22693696732379584
ADA-002_FULL,3314704,3314706,0.2350855857432486
ADA-002_FULL,3314704,3314713,0.25132102597538214
ADA-002_FULL,3314704,3314708,0.25839044944572576
ADA-002_FULL,3314704,3314799,0.25959366454360944
ADA-002_FULL,3314704,3314714,0.26507140021966724
ADA-002_FULL,3314704,3314701,0.2665001602181513
ADA-002_FULL,3314704,3314710,0.2685045062618013
ADA-002_FULL,3314704,3314702,0.2721663919622788
ADA-002_FULL,3314704,3314705,0.2730505999468022
ADA-002_FULL,3314704,3314703,0.27540883672896627
ADA-002_FULL,3314704,3314711,0.2794931878104084
ADA-002_FULL,3314704,3314718,0.28129962509502826
ADA-002_FULL,3314704,3314719,0.2817785098260923
ADA-002_FULL,3314704,3314715,0.28322948271027004
ADA-002_FULL,3314704,3314712,0.28770188493684695
ADA-002_FULL,3314705,3314705,0.0
ADA-002_FULL,3314705,3314799,0.22894387116368284
ADA-002_FULL,3314705,3314713,0.22993629005894126
ADA-002_FULL,3314705,3314708,0.23107782727274673
ADA-002_FULL,3314705,3314706,0.2326450012244303
ADA-002_FULL,3314705,3314701,0.240188329283175
ADA-002_FULL,3314705,3314710,0.24500380148701398
ADA-002_FULL,3314705,3314718,0.2595278716944743
ADA-002_FULL,3314705,3314711,0.25997448824801317
ADA-002_FULL,3314705,3314712,0.2664467776961448
ADA-002_FULL,3314705,3314719,0.27088059650968416
ADA-002_FULL,3314705,3314714,0.27096046706118065
ADA-002_FULL,3314705,3314704,0.2730505999468022
ADA-002_FULL,3314705,3314715,0.27311956608538634
ADA-002_FULL,3314705,3314720,0.27328023975297655
ADA-002_FULL,3314705,3319800,0.27467012102964655
ADA-002_FULL,3314705,3315500,0.2764001237162847
ADA-002_FULL,3314705,3314707,0.27845569452859004
ADA-002_FULL,3314705,3314709,0.28331400641215454
ADA-002_FULL,3314705,3313901,0.28493383584696036
ADA-002_FULL,3314705,3314717,0.2866418882237929
ADA-002_FULL,3314705,3314721,0.28721524947021165
ADA-002_FULL,3314705,3314716,0.28912922715388073
ADA-002_FULL,3314705,3314702,0.29302751165888835
ADA-002_FULL,3314705,3313999,0.2951101513931474
ADA-002_FULL,3314705,4520001,0.2982960418007452
ADA-002_FULL,3314705,3314703,0.29874125754209785
ADA-002_FULL,3314706,3314706,0.0
ADA-002_FULL,3314706,3314713,0.18013513138195228
ADA-002_FULL,3314706,3314799,0.19840742141038456
ADA-002_FULL,3314706,3314710,0.2046992800068519
ADA-002_FULL,3314706,3314707,0.20642116681658684
ADA-002_FULL,3314706,3314718,0.21564657168551127
ADA-002_FULL,3314706,3314719,0.21945496163731695
ADA-002_FULL,3314706,3314701,0.22080978200725188
ADA-002_FULL,3314706,3314708,0.22143720540028056
ADA-002_FULL,3314706,3314714,0.22552254330908572
ADA-002_FULL,3314706,3314715,0.2303207853821884
ADA-002_FULL,3314706,3314705,0.2326450012244303
ADA-002_FULL,3314706,3314720,0.23275890053745668
ADA-002_FULL,3314706,3314704,0.2350855857432486
ADA-002_FULL,3314706,3314711,0.23998675400914293
ADA-002_FULL,3314706,3314722,0.24232770630790362
ADA-002_FULL,3314706,3314721,0.24491109347060608
ADA-002_FULL,3314706,3314709,0.25268531116854454
ADA-002_FULL,3314706,3313999,0.2534793616438078
ADA-002_FULL,3314706,3314717,0.25404529632208267
ADA-002_FULL,3314706,3319800,0.2572533271459428
ADA-002_FULL,3314706,3314712,0.26589549893319775
ADA-002_FULL,3314706,3321000,0.2673369154394637
ADA-002_FULL,3314706,3314702,0.2728155803163585
ADA-002_FULL,3314706,3312103,0.27615007233772565
ADA-002_FULL,3314706,3312102,0.2766251326504482
ADA-002_FULL,3314706,3314703,0.2821693615496235
ADA-002_FULL,3314706,3314716,0.2851333950445554
ADA-002_FULL,3314706,3312104,0.2858812637734039
ADA-002_FULL,3314706,3313901,0.2873501717615097
ADA-002_FULL,3314706,3315500,0.2945150519114045
ADA-002_FULL,3314706,3316301,0.2969148442236721
ADA-002_FULL,3314707,3314707,0.0
ADA-002_FULL,3314707,3314706,0.20642116681658684
ADA-002_FULL,3314707,3314704,0.22693696732379584
ADA-002_FULL,3314707,3314719,0.23754553154984615
ADA-002_FULL,3314707,3314799,0.24972577495759415
ADA-002_FULL,3314707,3314713,0.25202311898228585
ADA-002_FULL,3314707,3314710,0.260900082468565
ADA-002_FULL,3314707,3314708,0.26490504934279724
ADA-002_FULL,3314707,3314718,0.2721345829119775
ADA-002_FULL,3314707,3314701,0.276069157487889
ADA-002_FULL,3314707,3314711,0.27735215155856674
ADA-002_FULL,3314707,3314705,0.27845569452859004
ADA-002_FULL,3314707,3314703,0.2791119871667735
ADA-002_FULL,3314707,2823200,0.28334413438365036
ADA-002_FULL,3314707,3314714,0.28612933357689874
ADA-002_FULL,3314707,3314715,0.2866818828069276
ADA-002_FULL,3314707,3314720,0.28869450211515824
ADA-002_FULL,3314707,3314722,0.2922825164662677
ADA-002_FULL,3314707,3314721,0.2944354634651546
ADA-002_FULL,3314707,3314702,0.2979945671851196
ADA-002_FULL,3314708,3314708,0.0
ADA-002_FULL,3314708,3314713,0.21519133068134919
ADA-002_FULL,3314708,3314706,0.22143720540028056
ADA-002_FULL,3314708,3314701,0.225200701980356
ADA-002_FULL,3314708,3314799,0.23027522133878228
ADA-002_FULL,3314708,3314710,0.2308228977936154
ADA-002_FULL,3314708,3314705,0.23107782727274673
ADA-002_FULL,3314708,3314718,0.24416452412697298
ADA-002_FULL,3314708,3314717,0.24633206084464096
ADA-002_FULL,3314708,3314711,0.2525260225452534
ADA-002_FULL,3314708,3314715,0.25365505305606695
ADA-002_FULL,3314708,3314714,0.2543589680516225
ADA-002_FULL,3314708,3314704,0.25839044944572576
ADA-002_FULL,3314708,3314719,0.26283206514993207
ADA-002_FULL,3314708,3314707,0.26490504934279724
ADA-002_FULL,3314708,3314712,0.26530192859826174
ADA-002_FULL,3314708,3319800,0.26935386056191524
ADA-002_FULL,3314708,3313999,0.2732510914221307
ADA-002_FULL,3314708,3315500,0.2753293263306112
ADA-002_FULL,3314708,3314721,0.27675856846038754
ADA-002_FULL,3314708,3314720,0.2770514148020308
ADA-002_FULL,3314708,3314709,0.27830500770580396
ADA-002_FULL,3314708,3314702,0.27920399753973196
ADA-002_FULL,3314708,3314716,0.28015948884227476
ADA-002_FULL,3314708,3314722,0.2829232104502
ADA-002_FULL,3314708,2822402,0.2872645064148196
ADA-002_FULL,3314708,3313901,0.2934452155899313
ADA-002_FULL,3314708,2822401,0.29706525572988596
ADA-002_FULL,3314709,3314709,0.0
ADA-002_FULL,3314709,3314799,0.230051062653491
ADA-002_FULL,3314709,3314710,0.2335717841724293
ADA-002_FULL,3314709,3314701,0.23915834718465445
ADA-002_FULL,3314709,3314713,0.2393990833222463
ADA-002_FULL,3314709,3314706,0.25268531116854454
ADA-002_FULL,3314709,3314718,0.2653444565623662
ADA-002_FULL,3314709,3314721,0.26541357408532545
ADA-002_FULL,3314709,3313999,0.27152787168204506
ADA-002_FULL,3314709,3319800,0.2728357042743972
ADA-002_FULL,3314709,3314708,0.27830500770580396
ADA-002_FULL,3314709,3314720,0.28139560750685194
ADA-002_FULL,3314709,3314705,0.28331400641215454
ADA-002_FULL,3314709,3314719,0.2850902407874013
ADA-002_FULL,3314709,3314715,0.2876900224319324
ADA-002_FULL,3314709,3314711,0.28922110080200436
ADA-002_FULL,3314709,2829101,0.293390429358017
ADA-002_FULL,3314709,3314714,0.29520556667881237
ADA-002_FULL,3314709,3314722,0.29609909604899537
ADA-002_FULL,3314710,3314710,0.0
ADA-002_FULL,3314710,3314799,0.13496923940309882
ADA-002_FULL,3314710,3319800,0.17098198483457783
ADA-002_FULL,3314710,3314701,0.17892769176858464
ADA-002_FULL,3314710,3314713,0.18158514513426757
ADA-002_FULL,3314710,3314706,0.2046992800068519
ADA-002_FULL,3314710,3313999,0.20716321854221978
ADA-002_FULL,3314710,3314718,0.2126171692004434
ADA-002_FULL,3314710,3314715,0.221494746175355
ADA-002_FULL,3314710,3314708,0.2308228977936154
ADA-002_FULL,3314710,3314709,0.2335717841724293
ADA-002_FULL,3314710,3314714,0.23502048617036797
ADA-002_FULL,3314710,3314711,0.23521924908416844
ADA-002_FULL,3314710,3314719,0.24375630877091342
ADA-002_FULL,3314710,3314705,0.24500380148701398
ADA-002_FULL,3314710,3314720,0.25333509399956555
ADA-002_FULL,3314710,3314717,0.2548302463916766
ADA-002_FULL,3314710,3314707,0.260900082468565
ADA-002_FULL,3314710,3314722,0.2648316397449254
ADA-002_FULL,3314710,3314721,0.26662949362966687
ADA-002_FULL,3314710,3314704,0.2685045062618013
ADA-002_FULL,3314710,3314712,0.27055915938742425
ADA-002_FULL,3314710,3314716,0.2738287795567842
ADA-002_FULL,3314710,3314702,0.2795930905230879
ADA-002_FULL,3314710,3321000,0.2807977779499306
ADA-002_FULL,3314710,3315500,0.29095350252183305
ADA-002_FULL,3314710,3314703,0.2967434948820739
ADA-002_FULL,3314710,3312102,0.2975820952927654
ADA-002_FULL,3314710,3313901,0.2984513665317116
ADA-002_FULL,3314711,3314711,0.0
ADA-002_FULL,3314711,3314712,0.17796467249604128
ADA-002_FULL,3314711,3314713,0.21608798835923448
ADA-002_FULL,3314711,3314716,0.22926803655097136
ADA-002_FULL,3314711,3314719,0.23093995370139023
ADA-002_FULL,3314711,3314710,0.23521924908416844
ADA-002_FULL,3314711,3314799,0.23687456425244946
ADA-002_FULL,3314711,3314706,0.23998675400914293
ADA-002_FULL,3314711,3314717,0.2450593696473691
ADA-002_FULL,3314711,3314701,0.24853816320096878
ADA-002_FULL,3314711,3314714,0.25008683623164946
ADA-002_FULL,3314711,3314718,0.2508939760879196
ADA-002_FULL,3314711,3314715,0.25146223517613453
ADA-002_FULL,3314711,3314708,0.2525260225452534
ADA-002_FULL,3314711,3314705,0.25997448824801317
ADA-002_FULL,3314711,3314720,0.2645399404380501
ADA-002_FULL,3314711,3314707,0.27735215155856674
ADA-002_FULL,3314711,3314704,0.2794931878104084
ADA-002_FULL,3314711,3314721,0.28228618310145004
ADA-002_FULL,3314711,3319800,0.28358427294513605
ADA-002_FULL,3314711,3314709,0.28922110080200436
ADA-002_FULL,3314711,3314722,0.29237977656309583
ADA-002_FULL,3314711,3313999,0.29737500000073874
ADA-002_FULL,3314712,3314712,0.0
ADA-002_FULL,3314712,3314716,0.15966669318993587
ADA-002_FULL,3314712,3314711,0.17796467249604128
ADA-002_FULL,3314712,3314717,0.23216448224806305
ADA-002_FULL,3314712,3314713,0.2384457181344395
ADA-002_FULL,3314712,3314799,0.2645552572450582
ADA-002_FULL,3314712,3314708,0.26530192859826174
ADA-002_FULL,3314712,3314706,0.26589549893319775
ADA-002_FULL,3314712,3314701,0.2660325027786499
ADA-002_FULL,3314712,3314705,0.2664467776961448
ADA-002_FULL,3314712,3314710,0.27055915938742425
ADA-002_FULL,3314712,3314718,0.27636160594107256
ADA-002_FULL,3314712,3314719,0.27659434577098424
ADA-002_FULL,3314712,3314714,0.27696632801656657
ADA-002_FULL,3314712,3314715,0.27810104580931905
ADA-002_FULL,3314712,3314704,0.28770188493684695
ADA-002_FULL,3314712,3314720,0.2880497676965674
ADA-002_FULL,3314713,3314713,0.0
ADA-002_FULL,3314713,3314718,0.17450467155717939
ADA-002_FULL,3314713,3314706,0.18013513138195228
ADA-002_FULL,3314713,3314799,0.1802168464069608
ADA-002_FULL,3314713,3314710,0.18158514513426757
ADA-002_FULL,3314713,3314701,0.19965171196972475
ADA-002_FULL,3314713,3314708,0.21519133068134919
ADA-002_FULL,3314713,3314711,0.21608798835923448
ADA-002_FULL,3314713,3314714,0.2165365146291514
ADA-002_FULL,3314713,3314719,0.2173179010104544
ADA-002_FULL,3314713,3314715,0.21916530619544475
ADA-002_FULL,3314713,3314705,0.22993629005894126
ADA-002_FULL,3314713,3314720,0.23268566144565847
ADA-002_FULL,3314713,3314717,0.23571121286308355
ADA-002_FULL,3314713,3314721,0.23817622287664625
ADA-002_FULL,3314713,3314712,0.2384457181344395
ADA-002_FULL,3314713,3314709,0.2393990833222463
ADA-002_FULL,3314713,3314722,0.2426711295575031
ADA-002_FULL,3314713,3319800,0.24634952251888748
ADA-002_FULL,3314713,3313999,0.24833974351077112
ADA-002_FULL,3314713,3314704,0.25132102597538214
ADA-002_FULL,3314713,3314707,0.25202311898228585
ADA-002_FULL,3314713,3314716,0.26080983582031236
ADA-002_FULL,3314713,3315500,0.27154826042369823
ADA-002_FULL,3314713,3314703,0.27571691977177615
ADA-002_FULL,3314713,3312102,0.2796565973536782
ADA-002_FULL,3314713,3314702,0.28120651388560763
ADA-002_FULL,3314713,3321000,0.2833157696504504
ADA-002_FULL,3314713,3313901,0.28449425589829497
ADA-002_FULL,3314713,3312104,0.2868661038079861
ADA-002_FULL,3314713,3316301,0.29467181556270533
ADA-002_FULL,3314714,3314714,0.0
ADA-002_FULL,3314714,3314715,0.16418831380149823
ADA-002_FULL,3314714,3314713,0.2165365146291514
ADA-002_FULL,3314714,3314706,0.22552254330908572
ADA-002_FULL,3314714,3314799,0.23493343640725248
ADA-002_FULL,3314714,3314710,0.23502048617036797
ADA-002_FULL,3314714,3314718,0.2372600940986995
ADA-002_FULL,3314714,3314701,0.24925892831600868
ADA-002_FULL,3314714,3314711,0.25008683623164946
ADA-002_FULL,3314714,3314708,0.2543589680516225
ADA-002_FULL,3314714,3314717,0.26270239257804073
ADA-002_FULL,3314714,3314719,0.2633497806577951
ADA-002_FULL,3314714,3314704,0.26507140021966724
ADA-002_FULL,3314714,3314702,0.27025741302947276
ADA-002_FULL,3314714,3314705,0.27096046706118065
ADA-002_FULL,3314714,3314720,0.2767280281837849
ADA-002_FULL,3314714,3314712,0.27696632801656657
ADA-002_FULL,3314714,3314722,0.28075214865316594
ADA-002_FULL,3314714,3314716,0.2829840181181624
ADA-002_FULL,3314714,3314707,0.28612933357689874
ADA-002_FULL,3314714,3314721,0.28635742674536313
ADA-002_FULL,3314714,3319800,0.28750189922875713
ADA-002_FULL,3314714,2851800,0.2938917630935049
ADA-002_FULL,3314714,3314709,0.29520556667881237
ADA-002_FULL,3314714,3314703,0.29593694870683496
ADA-002_FULL,3314714,3313999,0.29594442234459184
ADA-002_FULL,3314715,3314715,0.0
ADA-002_FULL,3314715,3314714,0.16418831380149823
ADA-002_FULL,3314715,3314718,0.19988790794969138
ADA-002_FULL,3314715,3314713,0.21916530619544475
ADA-002_FULL,3314715,3314710,0.221494746175355
ADA-002_FULL,3314715,3314799,0.22329570229128473
ADA-002_FULL,3314715,3314706,0.2303207853821884
ADA-002_FULL,3314715,3314717,0.23148474547554318
ADA-002_FULL,3314715,3314701,0.2452510379794558
ADA-002_FULL,3314715,3314711,0.25146223517613453
ADA-002_FULL,3314715,3314708,0.25365505305606695
ADA-002_FULL,3314715,3314716,0.2606559563421223
ADA-002_FULL,3314715,3314719,0.26497888628653016
ADA-002_FULL,3314715,3319800,0.2699058627754492
ADA-002_FULL,3314715,3314720,0.27132934365052885
ADA-002_FULL,3314715,3314702,0.27296130648300093
ADA-002_FULL,3314715,3314705,0.27311956608538634
ADA-002_FULL,3314715,3314712,0.27810104580931905
ADA-002_FULL,3314715,3313999,0.27881570335036965
ADA-002_FULL,3314715,3314721,0.28132165726254316
ADA-002_FULL,3314715,3314704,0.28322948271027004
ADA-002_FULL,3314715,3314707,0.2866818828069276
ADA-002_FULL,3314715,3314709,0.2876900224319324
ADA-002_FULL,3314715,3314722,0.2914415602557527
ADA-002_FULL,3314715,2852600,0.29743273208665955
ADA-002_FULL,3314716,3314716,0.0
ADA-002_FULL,3314716,3314712,0.15966669318993587
ADA-002_FULL,3314716,3314717,0.21202421515260333
ADA-002_FULL,3314716,3314711,0.22926803655097136
ADA-002_FULL,3314716,3314715,0.2606559563421223
ADA-002_FULL,3314716,3314713,0.26080983582031236
ADA-002_FULL,3314716,3314718,0.265425072553319
ADA-002_FULL,3314716,3314701,0.27133121647657993
ADA-002_FULL,3314716,3314799,0.27251159280123305
ADA-002_FULL,3314716,3314710,0.2738287795567842
ADA-002_FULL,3314716,3314708,0.28015948884227476
ADA-002_FULL,3314716,3314714,0.2829840181181624
ADA-002_FULL,3314716,3314706,0.2851333950445554
ADA-002_FULL,3314716,3314705,0.28912922715388073
ADA-002_FULL,3314716,3314719,0.2997054408723435
ADA-002_FULL,3314717,3314717,0.0
ADA-002_FULL,3314717,3314716,0.21202421515260333
ADA-002_FULL,3314717,3314715,0.23148474547554318
ADA-002_FULL,3314717,3314712,0.23216448224806305
ADA-002_FULL,3314717,3314713,0.23571121286308355
ADA-002_FULL,3314717,3314718,0.2414078323588725
ADA-002_FULL,3314717,3314711,0.2450593696473691
ADA-002_FULL,3314717,3314708,0.24633206084464096
ADA-002_FULL,3314717,3314706,0.25404529632208267
ADA-002_FULL,3314717,3314710,0.2548302463916766
ADA-002_FULL,3314717,3314799,0.25862685215972414
ADA-002_FULL,3314717,3314701,0.26064673251955217
ADA-002_FULL,3314717,3314714,0.26270239257804073
ADA-002_FULL,3314717,3314720,0.2839915220621058
ADA-002_FULL,3314717,3314702,0.2860054825212119
ADA-002_FULL,3314717,3314705,0.2866418882237929
ADA-002_FULL,3314717,2854200,0.2880671252355303
ADA-002_FULL,3314717,3314719,0.2893307910417301
ADA-002_FULL,3314717,3319800,0.294088774032501
ADA-002_FULL,3314718,3314718,0.0
ADA-002_FULL,3314718,3314713,0.17450467155717939
ADA-002_FULL,3314718,3314715,0.19988790794969138
ADA-002_FULL,3314718,3314799,0.20712063110277545
ADA-002_FULL,3314718,3314710,0.2126171692004434
ADA-002_FULL,3314718,3314706,0.21564657168551127
ADA-002_FULL,3314718,3314701,0.2289354555914711
ADA-002_FULL,3314718,3314719,0.23621384889089414
ADA-002_FULL,3314718,3314714,0.2372600940986995
ADA-002_FULL,3314718,3314717,0.2414078323588725
ADA-002_FULL,3314718,3314708,0.24416452412697298
ADA-002_FULL,3314718,3314711,0.2508939760879196
ADA-002_FULL,3314718,3314720,0.25094471919129263
ADA-002_FULL,3314718,3314721,0.2522058963060239
ADA-002_FULL,3314718,3314705,0.2595278716944743
ADA-002_FULL,3314718,3319800,0.26295873820800636
ADA-002_FULL,3314718,3314722,0.2641563776381384
ADA-002_FULL,3314718,3314709,0.2653444565623662
ADA-002_FULL,3314718,3314716,0.265425072553319
ADA-002_FULL,3314718,3313999,0.2656142940226236
ADA-002_FULL,3314718,3314707,0.2721345829119775
ADA-002_FULL,3314718,3314702,0.27271950221192026
ADA-002_FULL,3314718,3314712,0.27636160594107256
ADA-002_FULL,3314718,3314704,0.28129962509502826
ADA-002_FULL,3314718,3315500,0.2904634627478618
ADA-002_FULL,3314718,3316301,0.29369126707609006
ADA-002_FULL,3314718,3321000,0.2979393701328575
ADA-002_FULL,3314719,3314719,0.0
ADA-002_FULL,3314719,3314713,0.2173179010104544
ADA-002_FULL,3314719,3314706,0.21945496163731695
ADA-002_FULL,3314719,3314711,0.23093995370139023
ADA-002_FULL,3314719,3314718,0.23621384889089414
ADA-002_FULL,3314719,3314799,0.23660044292116394
ADA-002_FULL,3314719,3314707,0.23754553154984615
ADA-002_FULL,3314719,3314710,0.24375630877091342
ADA-002_FULL,3314719,3314721,0.2584232032517791
ADA-002_FULL,3314719,3314720,0.26230103506172514
ADA-002_FULL,3314719,3314701,0.2627831922850134
ADA-002_FULL,3314719,3314708,0.26283206514993207
ADA-002_FULL,3314719,3314714,0.2633497806577951
ADA-002_FULL,3314719,3314715,0.26497888628653016
ADA-002_FULL,3314719,3314705,0.27088059650968416
ADA-002_FULL,3314719,3314712,0.27659434577098424
ADA-002_FULL,3314719,3314722,0.27790344570261033
ADA-002_FULL,3314719,3314704,0.2817785098260923
ADA-002_FULL,3314719,3319800,0.2836052390781467
ADA-002_FULL,3314719,3314709,0.2850902407874013
ADA-002_FULL,3314719,3314717,0.2893307910417301
ADA-002_FULL,3314719,3313999,0.29176837758105895
ADA-002_FULL,3314719,3314716,0.2997054408723435
ADA-002_FULL,3314720,3314720,0.0
ADA-002_FULL,3314720,3314713,0.23268566144565847
ADA-002_FULL,3314720,3314706,0.23275890053745668
ADA-002_FULL,3314720,3314718,0.25094471919129263
ADA-002_FULL,3314720,3314799,0.2530217450000422
ADA-002_FULL,3314720,3314710,0.25333509399956555
ADA-002_FULL,3314720,3314721,0.25425538928724783
ADA-002_FULL,3314720,3314719,0.26230103506172514
ADA-002_FULL,3314720,3314711,0.2645399404380501
ADA-002_FULL,3314720,3314722,0.2676976645605986
ADA-002_FULL,3314720,3314715,0.27132934365052885
ADA-002_FULL,3314720,3314705,0.27328023975297655
ADA-002_FULL,3314720,3314701,0.27518363226380294
ADA-002_FULL,3314720,3314714,0.2767280281837849
ADA-002_FULL,3314720,3314708,0.2770514148020308
ADA-002_FULL,3314720,3314709,0.28139560750685194
ADA-002_FULL,3314720,3314717,0.2839915220621058
ADA-002_FULL,3314720,3314712,0.2880497676965674
ADA-002_FULL,3314720,3314707,0.28869450211515824
ADA-002_FULL,3314720,3319800,0.2924561983443657
ADA-002_FULL,3314720,2864000,0.2961211178332295
ADA-002_FULL,3314721,3314721,0.0
ADA-002_FULL,3314721,3314713,0.23817622287664625
ADA-002_FULL,3314721,3314706,0.24491109347060608
ADA-002_FULL,3314721,3314722,0.2466770405162874
ADA-002_FULL,3314721,3314718,0.2522058963060239
ADA-002_FULL,3314721,3314720,0.25425538928724783
ADA-002_FULL,3314721,3314719,0.2584232032517791
ADA-002_FULL,3314721,3314799,0.2615517357669218
ADA-002_FULL,3314721,3314709,0.26541357408532545
ADA-002_FULL,3314721,3314710,0.26662949362966687
ADA-002_FULL,3314721,3314708,0.27675856846038754
ADA-002_FULL,3314721,3314715,0.28132165726254316
ADA-002_FULL,3314721,3314711,0.28228618310145004
ADA-002_FULL,3314721,3314714,0.28635742674536313
ADA-002_FULL,3314721,3314701,0.2863595528911879
ADA-002_FULL,3314721,3314705,0.28721524947021165
ADA-002_FULL,3314721,2865800,0.2924530681977861
ADA-002_FULL,3314721,3314707,0.2944354634651546
ADA-002_FULL,3314722,3314722,0.0
ADA-002_FULL,3314722,3314706,0.24232770630790362
ADA-002_FULL,3314722,3314713,0.2426711295575031
ADA-002_FULL,3314722,3314721,0.2466770405162874
ADA-002_FULL,3314722,3314799,0.2630122017779556
ADA-002_FULL,3314722,3314718,0.2641563776381384
ADA-002_FULL,3314722,3314710,0.2648316397449254
ADA-002_FULL,3314722,3314720,0.2676976645605986
ADA-002_FULL,3314722,3314719,0.27790344570261033
ADA-002_FULL,3314722,3314714,0.28075214865316594
ADA-002_FULL,3314722,3314708,0.2829232104502
ADA-002_FULL,3314722,3314701,0.2830288022188444
ADA-002_FULL,3314722,3314715,0.2914415602557527
ADA-002_FULL,3314722,3314707,0.2922825164662677
ADA-002_FULL,3314722,3314711,0.29237977656309583
ADA-002_FULL,3314722,3314709,0.29609909604899537
ADA-002_FULL,3314722,3313999,0.2972109584730537
ADA-002_FULL,3314722,3319800,0.2994810296756434
ADA-002_FULL,3314799,3314799,0.0
ADA-002_FULL,3314799,3314710,0.13496923940309882
ADA-002_FULL,3314799,3314713,0.1802168464069608
ADA-002_FULL,3314799,3314701,0.1838287396582838
ADA-002_FULL,3314799,3319800,0.18706354784500293
ADA-002_FULL,3314799,3314706,0.19840742141038456
ADA-002_FULL,3314799,3313999,0.20419592248904253
ADA-002_FULL,3314799,3314718,0.20712063110277545
ADA-002_FULL,3314799,3314715,0.22329570229128473
ADA-002_FULL,3314799,3314705,0.22894387116368284
ADA-002_FULL,3314799,3314709,0.230051062653491
ADA-002_FULL,3314799,3314708,0.23027522133878228
ADA-002_FULL,3314799,3314714,0.23493343640725248
ADA-002_FULL,3314799,3314719,0.23660044292116394
ADA-002_FULL,3314799,3314711,0.23687456425244946
ADA-002_FULL,3314799,3314707,0.24972577495759415
ADA-002_FULL,3314799,3314720,0.2530217450000422
ADA-002_FULL,3314799,3314717,0.25862685215972414
ADA-002_FULL,3314799,3314704,0.25959366454360944
ADA-002_FULL,3314799,3314721,0.2615517357669218
ADA-002_FULL,3314799,3314722,0.2630122017779556
ADA-002_FULL,3314799,3314712,0.2645552572450582
ADA-002_FULL,3314799,3321000,0.27080447898061366
ADA-002_FULL,3314799,3314702,0.2720858090404598
ADA-002_FULL,3314799,3314716,0.27251159280123305
ADA-002_FULL,3314799,3314703,0.2771120132488636
ADA-002_FULL,3314799,3315500,0.291301253049385
ADA-002_FULL,3314799,9529199,0.2943411584534023
ADA-002_FULL,3314799,3313901,0.29470462247638635
ADA-002_FULL,3314799,3316301,0.2989154156711202
ADA-002_FULL,3314799,3312102,0.2990131021575427
ADA-002_FULL,3314799,3329599,0.2999584468854502
ADA-002_FULL,3315500,3315500,0.0
ADA-002_FULL,3315500,3314701,0.2669245873235701
ADA-002_FULL,3315500,3314713,0.27154826042369823
ADA-002_FULL,3315500,3314708,0.2753293263306112
ADA-002_FULL,3315500,3314705,0.2764001237162847
ADA-002_FULL,3315500,3314718,0.2904634627478618
ADA-002_FULL,3315500,3314710,0.29095350252183305
ADA-002_FULL,3315500,3314799,0.291301253049385
ADA-002_FULL,3315500,3319800,0.2943119424059213
ADA-002_FULL,3315500,3314706,0.2945150519114045
ADA-002_FULL,3316301,3316301,0.0
ADA-002_FULL,3316301,3316302,0.13127414627925063
ADA-002_FULL,3316301,3314718,0.29369126707609006
ADA-002_FULL,3316301,3314713,0.29467181556270533
ADA-002_FULL,3316301,3314706,0.2969148442236721
ADA-002_FULL,3316301,3314799,0.2989154156711202
ADA-002_FULL,3316302,3316302,0.0
ADA-002_FULL,3316302,3316301,0.13127414627925063
ADA-002_FULL,3317101,3317101,0.0
ADA-002_FULL,3317101,3317102,0.1949798410021869
ADA-002_FULL,3317101,3011301,0.29612790804453487
ADA-002_FULL,3317102,3317102,0.0
ADA-002_FULL,3317102,3317101,0.1949798410021869
ADA-002_FULL,3317102,3012100,0.2811395753425519
ADA-002_FULL,3319800,3319800,0.0
ADA-002_FULL,3319800,3314710,0.17098198483457783
ADA-002_FULL,3319800,3314799,0.18706354784500293
ADA-002_FULL,3319800,3313999,0.18996405831910465
ADA-002_FULL,3319800,3314701,0.22735634824662418
ADA-002_FULL,3319800,3314713,0.24634952251888748
ADA-002_FULL,3319800,3314706,0.2572533271459428
ADA-002_FULL,3319800,3314718,0.26295873820800636
ADA-002_FULL,3319800,9529199,0.2679788418006047
ADA-002_FULL,3319800,3314708,0.26935386056191524
ADA-002_FULL,3319800,3314715,0.2699058627754492
ADA-002_FULL,3319800,3314709,0.2728357042743972
ADA-002_FULL,3319800,3314705,0.27467012102964655
ADA-002_FULL,3319800,3329599,0.27928287336895835
ADA-002_FULL,3319800,3314711,0.28358427294513605
ADA-002_FULL,3319800,3314719,0.2836052390781467
ADA-002_FULL,3319800,3314714,0.28750189922875713
ADA-002_FULL,3319800,3312102,0.29064709554628415
ADA-002_FULL,3319800,3314720,0.2924561983443657
ADA-002_FULL,3319800,3314717,0.294088774032501
ADA-002_FULL,3319800,3315500,0.2943119424059213
ADA-002_FULL,3319800,9512600,0.29928952377432755
ADA-002_FULL,3319800,3314722,0.2994810296756434
ADA-002_FULL,3321000,3321000,0.0
ADA-002_FULL,3321000,3314706,0.2673369154394637
ADA-002_FULL,3321000,3314799,0.27080447898061366
ADA-002_FULL,3321000,3329599,0.2720370954553179
ADA-002_FULL,3321000,3314710,0.2807977779499306
ADA-002_FULL,3321000,3314713,0.2833157696504504
ADA-002_FULL,3321000,3314718,0.2979393701328575
ADA-002_FULL,3329501,3329501,0.0
ADA-002_FULL,3329501,3329599,0.2830025022021375
ADA-002_FULL,3329599,3329599,0.0
ADA-002_FULL,3329599,4329199,0.2621040479637446
ADA-002_FULL,3329599,3321000,0.2720370954553179
ADA-002_FULL,3329599,3319800,0.27928287336895835
ADA-002_FULL,3329599,3329501,0.2830025022021375
ADA-002_FULL,3329599,3314799,0.2999584468854502
ADA-002_FULL,3511501,3511501,0.0
ADA-002_FULL,3511501,3514000,0.22347027221519566
ADA-002_FULL,3511501,3512300,0.23157444713065467
ADA-002_FULL,3511501,3511502,0.2390010994849086
ADA-002_FULL,3511501,3513100,0.273422717990862
ADA-002_FULL,3511502,3511502,0.0
ADA-002_FULL,3511502,3511501,0.2390010994849086
ADA-002_FULL,3511502,3514000,0.27712896978939705
ADA-002_FULL,3511502,3512300,0.2807090990687542
ADA-002_FULL,3512300,3512300,0.0
ADA-002_FULL,3512300,3514000,0.2212699966026481
ADA-002_FULL,3512300,3511501,0.23157444713065467
ADA-002_FULL,3512300,3511502,0.2807090990687542
ADA-002_FULL,3512300,3513100,0.28408231682373647
ADA-002_FULL,3513100,3513100,0.0
ADA-002_FULL,3513100,3514000,0.2314173354565137
ADA-002_FULL,3513100,3511501,0.273422717990862
ADA-002_FULL,3513100,4673700,0.27839934576072095
ADA-002_FULL,3513100,3512300,0.28408231682373647
ADA-002_FULL,3513100,4742300,0.2988100338023078
ADA-002_FULL,3514000,3514000,0.0
ADA-002_FULL,3514000,3512300,0.2212699966026481
ADA-002_FULL,3514000,3511501,0.22347027221519566
ADA-002_FULL,3514000,3513100,0.2314173354565137
ADA-002_FULL,3514000,3511502,0.27712896978939705
ADA-002_FULL,3514000,2731700,0.29979868141698585
ADA-002_FULL,3520401,3520401,0.0
ADA-002_FULL,3520401,3520402,0.1926590789819585
ADA-002_FULL,3520402,3520402,0.0
ADA-002_FULL,3520402,3520401,0.1926590789819585
ADA-002_FULL,3530100,3530100,0.0
ADA-002_FULL,3600601,3600601,0.0
ADA-002_FULL,3600601,3600602,0.21429972815209275
ADA-002_FULL,3600602,3600602,0.0
ADA-002_FULL,3600602,3600601,0.21429972815209275
ADA-002_FULL,3701100,3701100,0.0
ADA-002_FULL,3701100,3702900,0.2556088285698881
ADA-002_FULL,3702900,3702900,0.0
ADA-002_FULL,3702900,3701100,0.2556088285698881
ADA-002_FULL,3811400,3811400,0.0
ADA-002_FULL,3811400,3812200,0.16667880970209123
ADA-002_FULL,3811400,3821100,0.2233401920326215
ADA-002_FULL,3811400,3822000,0.2671967591048121
ADA-002_FULL,3812200,3812200,0.0
ADA-002_FULL,3812200,3811400,0.16667880970209123
ADA-002_FULL,3812200,3822000,0.21865234830634192
ADA-002_FULL,3812200,3821100,0.2506061138573687
ADA-002_FULL,3821100,3821100,0.0
ADA-002_FULL,3821100,3822000,0.14154481676117273
ADA-002_FULL,3821100,3811400,0.2233401920326215
ADA-002_FULL,3821100,3812200,0.2506061138573687
ADA-002_FULL,3822000,3822000,0.0
ADA-002_FULL,3822000,3821100,0.14154481676117273
ADA-002_FULL,3822000,3812200,0.21865234830634192
ADA-002_FULL,3822000,3811400,0.2671967591048121
ADA-002_FULL,3831901,3831901,0.0
ADA-002_FULL,3831901,3831999,0.2044704776376625
ADA-002_FULL,3831999,3831999,0.0
ADA-002_FULL,3831999,3831901,0.2044704776376625
ADA-002_FULL,3831999,3839499,0.26487533547137515
ADA-002_FULL,3831999,3832700,0.2886829328841025
ADA-002_FULL,3832700,3832700,0.0
ADA-002_FULL,3832700,3831999,0.2886829328841025
ADA-002_FULL,3832700,3839499,0.28936577303118
ADA-002_FULL,3839401,3839401,0.0
ADA-002_FULL,3839401,3839499,0.28751247044375494
ADA-002_FULL,3839499,3839499,0.0
ADA-002_FULL,3839499,3831999,0.26487533547137515
ADA-002_FULL,3839499,3839401,0.28751247044375494
ADA-002_FULL,3839499,3832700,0.28936577303118
ADA-002_FULL,3900500,3900500,0.0
ADA-002_FULL,4110700,4110700,0.0
ADA-002_FULL,4120400,4120400,0.0
ADA-002_FULL,4211101,4211101,0.0
ADA-002_FULL,4211101,4212000,0.25528098593253895
ADA-002_FULL,4211101,4213800,0.2907408812509234
ADA-002_FULL,4211102,4211102,0.0
ADA-002_FULL,4212000,4212000,0.0
ADA-002_FULL,4212000,4211101,0.25528098593253895
ADA-002_FULL,4212000,4213800,0.2946095634976171
ADA-002_FULL,4213800,4213800,0.0
ADA-002_FULL,4213800,4211101,0.2907408812509234
ADA-002_FULL,4213800,4212000,0.2946095634976171
ADA-002_FULL,4221901,4221901,0.0
ADA-002_FULL,4221901,4221902,0.28109415080750694
ADA-002_FULL,4221902,4221902,0.0
ADA-002_FULL,4221902,4221904,0.12023989559715226
ADA-002_FULL,4221902,4221905,0.226072459769664
ADA-002_FULL,4221902,4221903,0.24489607471437605
ADA-002_FULL,4221902,4221901,0.28109415080750694
ADA-002_FULL,4221902,4222701,0.2908915366117529
ADA-002_FULL,4221902,4222702,0.29233119406208996
ADA-002_FULL,4221902,4223500,0.2980509256679926
ADA-002_FULL,4221903,4221903,0.0
ADA-002_FULL,4221903,4221905,0.17189381572823853
ADA-002_FULL,4221903,4221902,0.24489607471437605
ADA-002_FULL,4221903,4221904,0.2641378443946898
ADA-002_FULL,4221904,4221904,0.0
ADA-002_FULL,4221904,4221902,0.12023989559715226
ADA-002_FULL,4221904,4221905,0.20341558276476832
ADA-002_FULL,4221904,4221903,0.2641378443946898
ADA-002_FULL,4221904,4223500,0.2984114830620583
ADA-002_FULL,4221905,4221905,0.0
ADA-002_FULL,4221905,4221903,0.17189381572823853
ADA-002_FULL,4221905,4221904,0.20341558276476832
ADA-002_FULL,4221905,4221902,0.226072459769664
ADA-002_FULL,4222701,4222701,0.0
ADA-002_FULL,4222701,4222702,0.1742388248937524
ADA-002_FULL,4222701,4223500,0.22923233142491667
ADA-002_FULL,4222701,4221902,0.2908915366117529
ADA-002_FULL,4222702,4222702,0.0
ADA-002_FULL,4222702,4222701,0.1742388248937524
ADA-002_FULL,4222702,4223500,0.2845644641070155
ADA-002_FULL,4222702,4221902,0.29233119406208996
ADA-002_FULL,4223500,4223500,0.0
ADA-002_FULL,4223500,4222701,0.22923233142491667
ADA-002_FULL,4223500,4222702,0.2845644641070155
ADA-002_FULL,4223500,4221902,0.2980509256679926
ADA-002_FULL,4223500,4221904,0.2984114830620583
ADA-002_FULL,4291000,4291000,0.0
ADA-002_FULL,4292801,4292801,0.0
ADA-002_FULL,4292801,4292802,0.1564703432467893
ADA-002_FULL,4292802,4292802,0.0
ADA-002_FULL,4292802,4292801,0.1564703432467893
ADA-002_FULL,4299501,4299501,0.0
ADA-002_FULL,4299599,4299599,0.0
ADA-002_FULL,4299599,4329199,0.2735659350940234
ADA-002_FULL,4311801,4311801,0.0
ADA-002_FULL,4311801,4311802,0.2499431313785213
ADA-002_FULL,4311802,4311802,0.0
ADA-002_FULL,4311802,4311801,0.2499431313785213
ADA-002_FULL,4312600,4312600,0.0
ADA-002_FULL,4313400,4313400,0.0
ADA-002_FULL,4319300,4319300,0.0
ADA-002_FULL,4321500,4321500,0.0
ADA-002_FULL,4321500,4329199,0.29270905446595097
ADA-002_FULL,4322301,4322301,0.0
ADA-002_FULL,4322301,4322303,0.23213257517773853
ADA-002_FULL,4322301,4322302,0.2759134553029815
ADA-002_FULL,4322302,4322302,0.0
ADA-002_FULL,4322302,4322301,0.2759134553029815
ADA-002_FULL,4322302,4322303,0.2968748501514811
ADA-002_FULL,4322303,4322303,0.0
ADA-002_FULL,4322303,4322301,0.23213257517773853
ADA-002_FULL,4322303,4322302,0.2968748501514811
ADA-002_FULL,4329101,4329101,0.0
ADA-002_FULL,4329101,4329199,0.27827828899640855
ADA-002_FULL,4329102,4329102,0.0
ADA-002_FULL,4329103,4329103,0.0
ADA-002_FULL,4329104,4329104,0.0
ADA-002_FULL,4329105,4329105,0.0
ADA-002_FULL,4329199,4329199,0.0
ADA-002_FULL,4329199,3329599,0.2621040479637446
ADA-002_FULL,4329199,4299599,0.2735659350940234
ADA-002_FULL,4329199,4329101,0.27827828899640855
ADA-002_FULL,4329199,4321500,0.29270905446595097
ADA-002_FULL,4330401,4330401,0.0
ADA-002_FULL,4330402,4330402,0.0
ADA-002_FULL,4330403,4330403,0.0
ADA-002_FULL,4330403,4330499,0.2997791309983621
ADA-002_FULL,4330404,4330404,0.0
ADA-002_FULL,4330404,4330499,0.28295488155508913
ADA-002_FULL,4330405,4330405,0.0
ADA-002_FULL,4330499,4330499,0.0
ADA-002_FULL,4330499,4330404,0.28295488155508913
ADA-002_FULL,4330499,4330403,0.2997791309983621
ADA-002_FULL,4391600,4391600,0.0
ADA-002_FULL,4391600,4399103,0.2873374196615919
ADA-002_FULL,4399101,4399101,0.0
ADA-002_FULL,4399101,4399199,0.26115696541089656
ADA-002_FULL,4399101,4399103,0.2860419348651814
ADA-002_FULL,4399102,4399102,0.0
ADA-002_FULL,4399103,4399103,0.0
ADA-002_FULL,4399103,4399199,0.2759342012395816
ADA-002_FULL,4399103,4399101,0.2860419348651814
ADA-002_FULL,4399103,4391600,0.2873374196615919
ADA-002_FULL,4399104,4399104,0.0
ADA-002_FULL,4399105,4399105,0.0
ADA-002_FULL,4399199,4399199,0.0
ADA-002_FULL,4399199,4399101,0.26115696541089656
ADA-002_FULL,4399199,4399103,0.2759342012395816
ADA-002_FULL,4511101,4511101,0.0
ADA-002_FULL,4511101,4511103,0.12379630437325519
ADA-002_FULL,4511101,4511102,0.12969682283415723
ADA-002_FULL,4511101,4511104,0.16941586044332715
ADA-002_FULL,4511101,4530701,0.2496772085747745
ADA-002_FULL,4511101,4512902,0.2519144553979621
ADA-002_FULL,4511101,4512901,0.2577028044459569
ADA-002_FULL,4511101,4511106,0.2606933624010841
ADA-002_FULL,4511101,4530703,0.2620517567999813
ADA-002_FULL,4511101,4511105,0.2630637584014395
ADA-002_FULL,4511101,4530704,0.2780430791411794
ADA-002_FULL,4511101,4541203,0.2853973812475548
ADA-002_FULL,4511101,4541201,0.28984889231846134
ADA-002_FULL,4511101,4541204,0.2911363659476226
ADA-002_FULL,4511101,2910701,0.29421697346061515
ADA-002_FULL,4511101,4530706,0.2964479570349515
ADA-002_FULL,4511102,4511102,0.0
ADA-002_FULL,4511102,4511103,0.12755015799326916
ADA-002_FULL,4511102,4511101,0.12969682283415723
ADA-002_FULL,4511102,4511104,0.17456765466405247
ADA-002_FULL,4511102,4512902,0.23153710311991896
ADA-002_FULL,4511102,4530704,0.25945392103989146
ADA-002_FULL,4511102,4511105,0.2671635184093908
ADA-002_FULL,4511102,4512901,0.26770600630091856
ADA-002_FULL,4511102,4511106,0.2682439798958299
ADA-002_FULL,4511102,4541204,0.27323563563582237
ADA-002_FULL,4511102,4530701,0.2830095799200926
ADA-002_FULL,4511102,4541201,0.2924621834022372
ADA-002_FULL,4511102,4530703,0.29385181149369893
ADA-002_FULL,4511102,2910701,0.2952749295850113
ADA-002_FULL,4511102,4541207,0.29528119126789915
ADA-002_FULL,4511102,4541203,0.29887376586381154
ADA-002_FULL,4511103,4511103,0.0
ADA-002_FULL,4511103,4511101,0.12379630437325519
ADA-002_FULL,4511103,4511102,0.12755015799326916
ADA-002_FULL,4511103,4511104,0.13713198317668845
ADA-002_FULL,4511103,4511106,0.24353469052287802
ADA-002_FULL,4511103,4530701,0.248142137346895
ADA-002_FULL,4511103,4511105,0.2482780559760379
ADA-002_FULL,4511103,4512902,0.2571330596967397
ADA-002_FULL,4511103,4530703,0.26979576867412464
ADA-002_FULL,4511103,4530704,0.27307655030491657
ADA-002_FULL,4511103,4541203,0.2797038927038433
ADA-002_FULL,4511103,4541204,0.28241395180441614
ADA-002_FULL,4511103,4541201,0.2856806420396231
ADA-002_FULL,4511103,4512901,0.28686207854164086
ADA-002_FULL,4511104,4511104,0.0
ADA-002_FULL,4511104,4511103,0.13713198317668845
ADA-002_FULL,4511104,4511101,0.16941586044332715
ADA-002_FULL,4511104,4511102,0.17456765466405247
ADA-002_FULL,4511104,4511106,0.23032694410057902
ADA-002_FULL,4511104,4511105,0.2453013449361089
ADA-002_FULL,4511104,4530701,0.2633180123470183
ADA-002_FULL,4511104,4512902,0.27046011292406563
ADA-002_FULL,4511104,4541204,0.2796939132793506
ADA-002_FULL,4511104,4530704,0.2819287640172191
ADA-002_FULL,4511104,4541201,0.2898340129462062
ADA-002_FULL,4511104,4541203,0.2939140558993238
ADA-002_FULL,4511104,4530703,0.29408490518949904
ADA-002_FULL,4511105,4511105,0.0
ADA-002_FULL,4511105,4511104,0.2453013449361089
ADA-002_FULL,4511105,4511103,0.2482780559760379
ADA-002_FULL,4511105,4511101,0.2630637584014395
ADA-002_FULL,4511105,4511102,0.2671635184093908
ADA-002_FULL,4511105,4511106,0.280496754121629
ADA-002_FULL,4511106,4511106,0.0
ADA-002_FULL,4511106,4511104,0.23032694410057902
ADA-002_FULL,4511106,4511103,0.24353469052287802
ADA-002_FULL,4511106,4511101,0.2606933624010841
ADA-002_FULL,4511106,4511102,0.2682439798958299
ADA-002_FULL,4511106,4511105,0.280496754121629
ADA-002_FULL,4512901,4512901,0.0
ADA-002_FULL,4512901,4512902,0.19504079362913665
ADA-002_FULL,4512901,4542101,0.24289014632618972
ADA-002_FULL,4512901,4530706,0.25128119046692515
ADA-002_FULL,4512901,4511101,0.2577028044459569
ADA-002_FULL,4512901,4511102,0.26770600630091856
ADA-002_FULL,4512901,4619200,0.2720172175465748
ADA-002_FULL,4512901,4614100,0.2761653936486548
ADA-002_FULL,4512901,4542102,0.28000504396576054
ADA-002_FULL,4512901,4511103,0.28686207854164086
ADA-002_FULL,4512901,4611700,0.2954068954823865
ADA-002_FULL,4512902,4512902,0.0
ADA-002_FULL,4512902,4512901,0.19504079362913665
ADA-002_FULL,4512902,4542102,0.2300942896954611
ADA-002_FULL,4512902,4511102,0.23153710311991896
ADA-002_FULL,4512902,4511101,0.2519144553979621
ADA-002_FULL,4512902,4511103,0.2571330596967397
ADA-002_FULL,4512902,4511104,0.27046011292406563
ADA-002_FULL,4512902,4530706,0.29553648745126704
ADA-002_FULL,4512902,4542101,0.29835273176145705
ADA-002_FULL,4520001,4520001,0.0
ADA-002_FULL,4520001,4520007,0.19771289851175966
ADA-002_FULL,4520001,4520003,0.20365618505726904
ADA-002_FULL,4520001,4520008,0.2516680769294961
ADA-002_FULL,4520001,4520005,0.2604507577379458
ADA-002_FULL,4520001,4520002,0.26106118631155584
ADA-002_FULL,4520001,4520004,0.2648682322750415
ADA-002_FULL,4520001,4543900,0.2650123912434039
ADA-002_FULL,4520001,4520006,0.26617207373978696
ADA-002_FULL,4520001,3314701,0.2850952596422846
ADA-002_FULL,4520001,3314705,0.2982960418007452
ADA-002_FULL,4520002,4520002,0.0
ADA-002_FULL,4520002,4520001,0.26106118631155584
ADA-002_FULL,4520002,4520008,0.26484793755314734
ADA-002_FULL,4520002,4520003,0.27559724788300294
ADA-002_FULL,4520002,4520007,0.27781849674079623
ADA-002_FULL,4520002,4520005,0.28511726111316743
ADA-002_FULL,4520002,4520006,0.29852064266764355
ADA-002_FULL,4520003,4520003,0.0
ADA-002_FULL,4520003,4520001,0.20365618505726904
ADA-002_FULL,4520003,4520007,0.23661010959863277
ADA-002_FULL,4520003,4520002,0.27559724788300294
ADA-002_FULL,4520003,4520008,0.2888707186014594
ADA-002_FULL,4520003,3313901,0.29962291847723466
ADA-002_FULL,4520004,4520004,0.0
ADA-002_FULL,4520004,4520001,0.2648682322750415
ADA-002_FULL,4520004,4520007,0.2977796628447668
ADA-002_FULL,4520005,4520005,0.0
ADA-002_FULL,4520005,4520001,0.2604507577379458
ADA-002_FULL,4520005,4520002,0.28511726111316743
ADA-002_FULL,4520005,4520006,0.2912049290954244
ADA-002_FULL,4520005,4520007,0.29400125122994175
ADA-002_FULL,4520006,4520006,0.0
ADA-002_FULL,4520006,4520001,0.26617207373978696
ADA-002_FULL,4520006,4520005,0.2912049290954244
ADA-002_FULL,4520006,4520007,0.2928375524051427
ADA-002_FULL,4520006,4520002,0.29852064266764355
ADA-002_FULL,4520007,4520007,0.0
ADA-002_FULL,4520007,4520001,0.19771289851175966
ADA-002_FULL,4520007,4520003,0.23661010959863277
ADA-002_FULL,4520007,4520008,0.25663780178830825
ADA-002_FULL,4520007,4520002,0.27781849674079623
ADA-002_FULL,4520007,4543900,0.27790559565857365
ADA-002_FULL,4520007,4520006,0.2928375524051427
ADA-002_FULL,4520007,4520005,0.29400125122994175
ADA-002_FULL,4520007,4520004,0.2977796628447668
ADA-002_FULL,4520008,4520008,0.0
ADA-002_FULL,4520008,4520001,0.2516680769294961
ADA-002_FULL,4520008,4520007,0.25663780178830825
ADA-002_FULL,4520008,4520002,0.26484793755314734
ADA-002_FULL,4520008,4520003,0.2888707186014594
ADA-002_FULL,4530701,4530701,0.0
ADA-002_FULL,4530701,4530703,0.11472698365631016
ADA-002_FULL,4530701,4530704,0.17713742822471448
ADA-002_FULL,4530701,4530706,0.2040738922925087
ADA-002_FULL,4530701,4541206,0.21123914217290313
ADA-002_FULL,4530701,4541207,0.23901849315231122
ADA-002_FULL,4530701,4541202,0.24042233465717908
ADA-002_FULL,4530701,4541203,0.2447222787866421
ADA-002_FULL,4530701,4511103,0.248142137346895
ADA-002_FULL,4530701,4511101,0.2496772085747745
ADA-002_FULL,4530701,4541201,0.2552371840361754
ADA-002_FULL,4530701,4511104,0.2633180123470183
ADA-002_FULL,4530701,4541204,0.2655215749165366
ADA-002_FULL,4530701,4511102,0.2830095799200926
ADA-002_FULL,4530701,4530702,0.2991602376392196
ADA-002_FULL,4530702,4530702,0.0
ADA-002_FULL,4530702,4530705,0.11594621791966661
ADA-002_FULL,4530702,4530701,0.2991602376392196
ADA-002_FULL,4530703,4530703,0.0
ADA-002_FULL,4530703,4530701,0.11472698365631016
ADA-002_FULL,4530703,4530704,0.16002107749692085
ADA-002_FULL,4530703,4530706,0.19531520575197
ADA-002_FULL,4530703,4541206,0.21024488068658065
ADA-002_FULL,4530703,4541203,0.23499370749614112
ADA-002_FULL,4530703,4541207,0.24180505366582972
ADA-002_FULL,4530703,4541202,0.25341245727312156
ADA-002_FULL,4530703,4511101,0.2620517567999813
ADA-002_FULL,4530703,4541204,0.26659457700657646
ADA-002_FULL,4530703,4511103,0.26979576867412464
ADA-002_FULL,4530703,4541201,0.2758896428616494
ADA-002_FULL,4530703,4511102,0.29385181149369893
ADA-002_FULL,4530703,4511104,0.29408490518949904
ADA-002_FULL,4530704,4530704,0.0
ADA-002_FULL,4530704,4530703,0.16002107749692085
ADA-002_FULL,4530704,4530701,0.17713742822471448
ADA-002_FULL,4530704,4530706,0.19864192846281328
ADA-002_FULL,4530704,4541207,0.19949831208125499
ADA-002_FULL,4530704,4541204,0.23002185137594294
ADA-002_FULL,4530704,4541206,0.2415184239189173
ADA-002_FULL,4530704,4541202,0.2481076899683414
ADA-002_FULL,4530704,4511102,0.25945392103989146
ADA-002_FULL,4530704,4541203,0.26629111794231886
ADA-002_FULL,4530704,4541201,0.2720708204240516
ADA-002_FULL,4530704,4511103,0.27307655030491657
ADA-002_FULL,4530704,4511101,0.2780430791411794
ADA-002_FULL,4530704,4511104,0.2819287640172191
ADA-002_FULL,4530705,4530705,0.0
ADA-002_FULL,4530705,4530702,0.11594621791966661
ADA-002_FULL,4530706,4530706,0.0
ADA-002_FULL,4530706,4530703,0.19531520575197
ADA-002_FULL,4530706,4530704,0.19864192846281328
ADA-002_FULL,4530706,4530701,0.2040738922925087
ADA-002_FULL,4530706,4542101,0.24618728308938578
ADA-002_FULL,4530706,4512901,0.25128119046692515
ADA-002_FULL,4530706,4541206,0.2544262923354065
ADA-002_FULL,4530706,4541207,0.25997186099460273
ADA-002_FULL,4530706,4542102,0.28715669319322046
ADA-002_FULL,4530706,4541203,0.28771255276541763
ADA-002_FULL,4530706,4541204,0.28835855851550957
ADA-002_FULL,4530706,4541202,0.2894107167317565
ADA-002_FULL,4530706,4512902,0.29553648745126704
ADA-002_FULL,4530706,4511101,0.2964479570349515
ADA-002_FULL,4541201,4541201,0.0
ADA-002_FULL,4541201,4541202,0.11583736659565293
ADA-002_FULL,4541201,4541204,0.125014727636623
ADA-002_FULL,4541201,4541203,0.12727286866403612
ADA-002_FULL,4541201,4541207,0.16596152363052968
ADA-002_FULL,4541201,4541206,0.16906036676404637
ADA-002_FULL,4541201,4542102,0.19273497008417953
ADA-002_FULL,4541201,4542101,0.22305757522568534
ADA-002_FULL,4541201,4530701,0.2552371840361754
ADA-002_FULL,4541201,4543900,0.257611817150732
ADA-002_FULL,4541201,4530704,0.2720708204240516
ADA-002_FULL,4541201,4530703,0.2758896428616494
ADA-002_FULL,4541201,4511103,0.2856806420396231
ADA-002_FULL,4541201,4511104,0.2898340129462062
ADA-002_FULL,4541201,4511101,0.28984889231846134
ADA-002_FULL,4541201,4511102,0.2924621834022372
ADA-002_FULL,4541201,4649403,0.2991971259672452
ADA-002_FULL,4541202,4541202,0.0
ADA-002_FULL,4541202,4541201,0.11583736659565293
ADA-002_FULL,4541202,4541207,0.12903381291421534
ADA-002_FULL,4541202,4541206,0.13249365701758248
ADA-002_FULL,4541202,4541204,0.14319420879663744
ADA-002_FULL,4541202,4541203,0.14406056544663748
ADA-002_FULL,4541202,4542102,0.2103481313591882
ADA-002_FULL,4541202,4542101,0.2236274879682323
ADA-002_FULL,4541202,4530701,0.24042233465717908
ADA-002_FULL,4541202,4530704,0.2481076899683414
ADA-002_FULL,4541202,4530703,0.25341245727312156
ADA-002_FULL,4541202,4543900,0.27218037745188645
ADA-002_FULL,4541202,4530706,0.2894107167317565
ADA-002_FULL,4541202,3091102,0.29357835817032607
ADA-002_FULL,4541203,4541203,0.0
ADA-002_FULL,4541203,4541204,0.12190078601926994
ADA-002_FULL,4541203,4541201,0.12727286866403612
ADA-002_FULL,4541203,4541206,0.1288442604906982
ADA-002_FULL,4541203,4541202,0.14406056544663748
ADA-002_FULL,4541203,4541207,0.16394036024506134
ADA-002_FULL,4541203,4542102,0.2103945971835038
ADA-002_FULL,4541203,4530703,0.23499370749614112
ADA-002_FULL,4541203,4542101,0.2360249422824433
ADA-002_FULL,4541203,4530701,0.2447222787866421
ADA-002_FULL,4541203,4543900,0.26604682971062504
ADA-002_FULL,4541203,4530704,0.26629111794231886
ADA-002_FULL,4541203,4511103,0.2797038927038433
ADA-002_FULL,4541203,4511101,0.2853973812475548
ADA-002_FULL,4541203,4530706,0.28771255276541763
ADA-002_FULL,4541203,4511104,0.2939140558993238
ADA-002_FULL,4541203,4511102,0.29887376586381154
ADA-002_FULL,4541204,4541204,0.0
ADA-002_FULL,4541204,4541203,0.12190078601926994
ADA-002_FULL,4541204,4541201,0.125014727636623
ADA-002_FULL,4541204,4541207,0.1274119526588669
ADA-002_FULL,4541204,4541202,0.14319420879663744
ADA-002_FULL,4541204,4541206,0.16418741415565552
ADA-002_FULL,4541204,4542102,0.21128684062835026
ADA-002_FULL,4541204,4530704,0.23002185137594294
ADA-002_FULL,4541204,4542101,0.2363238322406724
ADA-002_FULL,4541204,4530701,0.2655215749165366
ADA-002_FULL,4541204,4530703,0.26659457700657646
ADA-002_FULL,4541204,4543900,0.2710679388307618
ADA-002_FULL,4541204,4511102,0.27323563563582237
ADA-002_FULL,4541204,4511104,0.2796939132793506
ADA-002_FULL,4541204,4511103,0.28241395180441614
ADA-002_FULL,4541204,4530706,0.28835855851550957
ADA-002_FULL,4541204,4511101,0.2911363659476226
ADA-002_FULL,4541206,4541206,0.0
ADA-002_FULL,4541206,4541203,0.1288442604906982
ADA-002_FULL,4541206,4541207,0.1316261658302446
ADA-002_FULL,4541206,4541202,0.13249365701758248
ADA-002_FULL,4541206,4541204,0.16418741415565552
ADA-002_FULL,4541206,4541201,0.16906036676404637
ADA-002_FULL,4541206,4530703,0.21024488068658065
ADA-002_FULL,4541206,4530701,0.21123914217290313
ADA-002_FULL,4541206,4542102,0.2396671311138485
ADA-002_FULL,4541206,4542101,0.24014221167659947
ADA-002_FULL,4541206,4530704,0.2415184239189173
ADA-002_FULL,4541206,4530706,0.2544262923354065
ADA-002_FULL,4541206,4543900,0.28895025857538004
ADA-002_FULL,4541207,4541207,0.0
ADA-002_FULL,4541207,4541204,0.1274119526588669
ADA-002_FULL,4541207,4541202,0.12903381291421534
ADA-002_FULL,4541207,4541206,0.1316261658302446
ADA-002_FULL,4541207,4541203,0.16394036024506134
ADA-002_FULL,4541207,4541201,0.16596152363052968
ADA-002_FULL,4541207,4530704,0.19949831208125499
ADA-002_FULL,4541207,4542102,0.23329884495359296
ADA-002_FULL,4541207,4542101,0.23638171439081446
ADA-002_FULL,4541207,4530701,0.23901849315231122
ADA-002_FULL,4541207,4530703,0.24180505366582972
ADA-002_FULL,4541207,4530706,0.25997186099460273
ADA-002_FULL,4541207,4543900,0.2852258522259946
ADA-002_FULL,4541207,4511102,0.29528119126789915
ADA-002_FULL,4542101,4542101,0.0
ADA-002_FULL,4542101,4542102,0.17534008486641414
ADA-002_FULL,4542101,4541201,0.22305757522568534
ADA-002_FULL,4542101,4541202,0.2236274879682323
ADA-002_FULL,4542101,4541203,0.2360249422824433
ADA-002_FULL,4542101,4541204,0.2363238322406724
ADA-002_FULL,4542101,4541207,0.23638171439081446
ADA-002_FULL,4542101,4541206,0.24014221167659947
ADA-002_FULL,4542101,4512901,0.24289014632618972
ADA-002_FULL,4542101,4530706,0.24618728308938578
ADA-002_FULL,4542101,4543900,0.28630812725622595
ADA-002_FULL,4542101,4512902,0.29835273176145705
ADA-002_FULL,4542102,4542102,0.0
ADA-002_FULL,4542102,4542101,0.17534008486641414
ADA-002_FULL,4542102,4541201,0.19273497008417953
ADA-002_FULL,4542102,4541202,0.2103481313591882
ADA-002_FULL,4542102,4541203,0.2103945971835038
ADA-002_FULL,4542102,4541204,0.21128684062835026
ADA-002_FULL,4542102,4512902,0.2300942896954611
ADA-002_FULL,4542102,4541207,0.23329884495359296
ADA-002_FULL,4542102,4541206,0.2396671311138485
ADA-002_FULL,4542102,4543900,0.2741294194034583
ADA-002_FULL,4542102,4512901,0.28000504396576054
ADA-002_FULL,4542102,4530706,0.28715669319322046
ADA-002_FULL,4543900,4543900,0.0
ADA-002_FULL,4543900,4541201,0.257611817150732
ADA-002_FULL,4543900,4520001,0.2650123912434039
ADA-002_FULL,4543900,4541203,0.26604682971062504
ADA-002_FULL,4543900,4541204,0.2710679388307618
ADA-002_FULL,4543900,4541202,0.27218037745188645
ADA-002_FULL,4543900,4542102,0.2741294194034583
ADA-002_FULL,4543900,4520007,0.27790559565857365
ADA-002_FULL,4543900,4541207,0.2852258522259946
ADA-002_FULL,4543900,4542101,0.28630812725622595
ADA-002_FULL,4543900,4541206,0.28895025857538004
ADA-002_FULL,4611700,4611700,0.0
ADA-002_FULL,4611700,4619200,0.23965972268025096
ADA-002_FULL,4611700,4612500,0.25817519441007486
ADA-002_FULL,4611700,4617600,0.26001285901438653
ADA-002_FULL,4611700,4614100,0.2611585889336375
ADA-002_FULL,4611700,4616800,0.26155838837300716
ADA-002_FULL,4611700,4623199,0.27303794791007485
ADA-002_FULL,4611700,4618499,0.27504381476580153
ADA-002_FULL,4611700,4623101,0.27631579441421955
ADA-002_FULL,4611700,4613300,0.27824441435910036
ADA-002_FULL,4611700,4618401,0.28439631351838385
ADA-002_FULL,4611700,4615000,0.29248123997478165
ADA-002_FULL,4611700,4512901,0.2954068954823865
ADA-002_FULL,4612500,4612500,0.0
ADA-002_FULL,4612500,4611700,0.25817519441007486
ADA-002_FULL,4612500,4617600,0.2651457630805362
ADA-002_FULL,4612500,4619200,0.26554325887829466
ADA-002_FULL,4612500,4616800,0.27323000939707653
ADA-002_FULL,4612500,4613300,0.27749960336023194
ADA-002_FULL,4612500,4614100,0.2793665047327998
ADA-002_FULL,4612500,4618401,0.2800045214598756
ADA-002_FULL,4612500,4618499,0.2902912500380267
ADA-002_FULL,4612500,4615000,0.2968869874990488
ADA-002_FULL,4613300,4613300,0.0
ADA-002_FULL,4613300,4614100,0.2743249132255932
ADA-002_FULL,4613300,4671100,0.27632180158190833
ADA-002_FULL,4613300,4612500,0.27749960336023194
ADA-002_FULL,4613300,4611700,0.27824441435910036
ADA-002_FULL,4613300,4619200,0.27943655149357316
ADA-002_FULL,4613300,4617600,0.29615103323472497
ADA-002_FULL,4613300,4616800,0.29716295635479584
ADA-002_FULL,4613300,4615000,0.2975322294497366
ADA-002_FULL,4614100,4614100,0.0
ADA-002_FULL,4614100,4619200,0.2429382596749948
ADA-002_FULL,4614100,4615000,0.2589664884653901
ADA-002_FULL,4614100,4611700,0.2611585889336375
ADA-002_FULL,4614100,4616800,0.262587914738683
ADA-002_FULL,4614100,4613300,0.2743249132255932
ADA-002_FULL,4614100,4512901,0.2761653936486548
ADA-002_FULL,4614100,4612500,0.2793665047327998
ADA-002_FULL,4614100,4618499,0.2850776917829162
ADA-002_FULL,4614100,4617600,0.2873774335052426
ADA-002_FULL,4615000,4615000,0.0
ADA-002_FULL,4615000,4614100,0.2589664884653901
ADA-002_FULL,4615000,4619200,0.26093238004332586
ADA-002_FULL,4615000,4616800,0.2785538998635507
ADA-002_FULL,4615000,4617600,0.2831389895408509
ADA-002_FULL,4615000,4611700,0.29248123997478165
ADA-002_FULL,4615000,4618499,0.2933244831407669
ADA-002_FULL,4615000,4612500,0.2968869874990488
ADA-002_FULL,4615000,4613300,0.2975322294497366
ADA-002_FULL,4616800,4616800,0.0
ADA-002_FULL,4616800,4619200,0.24269464445477518
ADA-002_FULL,4616800,4611700,0.26155838837300716
ADA-002_FULL,4616800,4614100,0.262587914738683
ADA-002_FULL,4616800,4618499,0.2728147690218305
ADA-002_FULL,4616800,4612500,0.27323000939707653
ADA-002_FULL,4616800,4615000,0.2785538998635507
ADA-002_FULL,4616800,4618401,0.28007703101493253
ADA-002_FULL,4616800,4617600,0.28288077982123183
ADA-002_FULL,4616800,4618403,0.28809780116524986
ADA-002_FULL,4616800,4613300,0.29716295635479584
ADA-002_FULL,4617600,4617600,0.0
ADA-002_FULL,4617600,4611700,0.26001285901438653
ADA-002_FULL,4617600,4618401,0.26123523612634325
ADA-002_FULL,4617600,4612500,0.2651457630805362
ADA-002_FULL,4617600,4619200,0.26655933234035833
ADA-002_FULL,4617600,4616800,0.28288077982123183
ADA-002_FULL,4617600,4615000,0.2831389895408509
ADA-002_FULL,4617600,4614100,0.2873774335052426
ADA-002_FULL,4617600,4618499,0.2899099663785098
ADA-002_FULL,4617600,4639701,0.2958097485385172
ADA-002_FULL,4617600,4613300,0.29615103323472497
ADA-002_FULL,4617600,4618403,0.29841943784772634
ADA-002_FULL,4618401,4618401,0.0
ADA-002_FULL,4618401,4618499,0.24703944561240876
ADA-002_FULL,4618401,4619200,0.2522262296653044
ADA-002_FULL,4618401,4618402,0.260461963174418
ADA-002_FULL,4618401,4617600,0.26123523612634325
ADA-002_FULL,4618401,4612500,0.2800045214598756
ADA-002_FULL,4618401,4616800,0.28007703101493253
ADA-002_FULL,4618401,4611700,0.28439631351838385
ADA-002_FULL,4618401,4618403,0.28524785341543646
ADA-002_FULL,4618402,4618402,0.0
ADA-002_FULL,4618402,4618401,0.260461963174418
ADA-002_FULL,4618402,4619200,0.27583419420597943
ADA-002_FULL,4618402,4618499,0.2764275822626326
ADA-002_FULL,4618402,4645103,0.2856073920570522
ADA-002_FULL,4618402,4645101,0.2901866537994047
ADA-002_FULL,4618403,4618403,0.0
ADA-002_FULL,4618403,4619200,0.24337146883119898
ADA-002_FULL,4618403,4618499,0.2452412040603078
ADA-002_FULL,4618403,4618401,0.28524785341543646
ADA-002_FULL,4618403,4647802,0.28608170496622665
ADA-002_FULL,4618403,4616800,0.28809780116524986
ADA-002_FULL,4618403,4617600,0.29841943784772634
ADA-002_FULL,4618499,4618499,0.0
ADA-002_FULL,4618499,4619200,0.18028949722175183
ADA-002_FULL,4618499,4618403,0.2452412040603078
ADA-002_FULL,4618499,4618401,0.24703944561240876
ADA-002_FULL,4618499,4616800,0.2728147690218305
ADA-002_FULL,4618499,4611700,0.27504381476580153
ADA-002_FULL,4618499,4618402,0.2764275822626326
ADA-002_FULL,4618499,4689399,0.28242165804414626
ADA-002_FULL,4618499,4614100,0.2850776917829162
ADA-002_FULL,4618499,4617600,0.2899099663785098
ADA-002_FULL,4618499,4612500,0.2902912500380267
ADA-002_FULL,4618499,4615000,0.2933244831407669
ADA-002_FULL,4619200,4619200,0.0
ADA-002_FULL,4619200,4618499,0.18028949722175183
ADA-002_FULL,4619200,4611700,0.23965972268025096
ADA-002_FULL,4619200,4616800,0.24269464445477518
ADA-002_FULL,4619200,4614100,0.2429382596749948
ADA-002_FULL,4619200,4618403,0.24337146883119898
ADA-002_FULL,4619200,4618401,0.2522262296653044
ADA-002_FULL,4619200,4615000,0.26093238004332586
ADA-002_FULL,4619200,4612500,0.26554325887829466
ADA-002_FULL,4619200,4617600,0.26655933234035833
ADA-002_FULL,4619200,4512901,0.2720172175465748
ADA-002_FULL,4619200,4618402,0.27583419420597943
ADA-002_FULL,4619200,4613300,0.27943655149357316
ADA-002_FULL,4619200,4693100,0.291278876251519
ADA-002_FULL,4621400,4621400,0.0
ADA-002_FULL,4621400,4637101,0.25587935159581376
ADA-002_FULL,4621400,4623105,0.2737204670137183
ADA-002_FULL,4621400,4623199,0.29858129633955044
ADA-002_FULL,4622200,4622200,0.0
ADA-002_FULL,4622200,4623199,0.2563417939829924
ADA-002_FULL,4622200,4623103,0.2640046185622878
ADA-002_FULL,4622200,4623105,0.2708714751634637
ADA-002_FULL,4622200,4623107,0.27179299419502256
ADA-002_FULL,4622200,4623109,0.2730709982755434
ADA-002_FULL,4622200,4623101,0.28123776944023565
ADA-002_FULL,4622200,4623108,0.28715647604705874
ADA-002_FULL,4622200,4692300,0.29654023192681384
ADA-002_FULL,4623101,4623101,0.0
ADA-002_FULL,4623101,4623109,0.11000485982078816
ADA-002_FULL,4623101,4623199,0.18127638553903058
ADA-002_FULL,4623101,4623103,0.2147947459555141
ADA-002_FULL,4623101,4623108,0.2203688175934769
ADA-002_FULL,4623101,4623105,0.22314521485330172
ADA-002_FULL,4623101,4623102,0.2237109999216933
ADA-002_FULL,4623101,4623107,0.24037521939908202
ADA-002_FULL,4623101,4634699,0.2629341418213334
ADA-002_FULL,4623101,4633803,0.26494042944019186
ADA-002_FULL,4623101,4611700,0.27631579441421955
ADA-002_FULL,4623101,4634601,0.2765484927984726
ADA-002_FULL,4623101,4789004,0.2765840445977247
ADA-002_FULL,4623101,4623104,0.2779491709402197
ADA-002_FULL,4623101,4623106,0.2789334606494605
ADA-002_FULL,4623101,4622200,0.28123776944023565
ADA-002_FULL,4623101,4633802,0.28464587109041234
ADA-002_FULL,4623101,4634602,0.2847200570164767
ADA-002_FULL,4623101,4693100,0.2922209484000032
ADA-002_FULL,4623101,4692300,0.2983704495493399
ADA-002_FULL,4623102,4623102,0.0
ADA-002_FULL,4623102,4623101,0.2237109999216933
ADA-002_FULL,4623102,4623199,0.2293561045390723
ADA-002_FULL,4623102,4623109,0.24339703226871232
ADA-002_FULL,4623102,4623103,0.24756955306819106
ADA-002_FULL,4623102,4623107,0.2501298019156457
ADA-002_FULL,4623102,4623108,0.264448174022703
ADA-002_FULL,4623102,4623105,0.27421159042065846
ADA-002_FULL,4623102,4623104,0.28630769210825413
ADA-002_FULL,4623102,4634699,0.2881845311956622
ADA-002_FULL,4623102,4634601,0.2926223945804575
ADA-002_FULL,4623103,4623103,0.0
ADA-002_FULL,4623103,4623199,0.21439655019215267
ADA-002_FULL,4623103,4623101,0.2147947459555141
ADA-002_FULL,4623103,4623107,0.22187620445103404
ADA-002_FULL,4623103,4623109,0.22333363274259446
ADA-002_FULL,4623103,4623105,0.2402339788823975
ADA-002_FULL,4623103,4623108,0.24025878589128047
ADA-002_FULL,4623103,4623102,0.24756955306819106
ADA-002_FULL,4623103,4622200,0.2640046185622878
ADA-002_FULL,4623103,4623106,0.2823323468262777
ADA-002_FULL,4623103,4692300,0.2836010709338149
ADA-002_FULL,4623103,4693100,0.28912374677306335
ADA-002_FULL,4623103,4641901,0.29145632365441376
ADA-002_FULL,4623103,4623104,0.29481693984869756
ADA-002_FULL,4623104,4623104,0.0
ADA-002_FULL,4623104,4636201,0.2444802813467911
ADA-002_FULL,4623104,4623199,0.2581576760537072
ADA-002_FULL,4623104,4623101,0.2779491709402197
ADA-002_FULL,4623104,4636202,0.27841869635057476
ADA-002_FULL,4623104,4623109,0.2858157057129058
ADA-002_FULL,4623104,4623102,0.28630769210825413
ADA-002_FULL,4623104,4623103,0.29481693984869756
ADA-002_FULL,4623104,4623108,0.29937184719956716
ADA-002_FULL,4623105,4623105,0.0
ADA-002_FULL,4623105,4623109,0.21277737900038868
ADA-002_FULL,4623105,4623101,0.22314521485330172
ADA-002_FULL,4623105,4623199,0.23155595276199042
ADA-002_FULL,4623105,4623103,0.2402339788823975
ADA-002_FULL,4623105,4623108,0.25943252869288086
ADA-002_FULL,4623105,4623107,0.25978783446219494
ADA-002_FULL,4623105,4622200,0.2708714751634637
ADA-002_FULL,4623105,4621400,0.2737204670137183
ADA-002_FULL,4623105,4623102,0.27421159042065846
ADA-002_FULL,4623105,4693100,0.29757479144419613
ADA-002_FULL,4623105,4639701,0.2982091215163999
ADA-002_FULL,4623105,4637105,0.2993327605319744
ADA-002_FULL,4623106,4623106,0.0
ADA-002_FULL,4623106,4623199,0.2647989867940752
ADA-002_FULL,4623106,4623101,0.2789334606494605
ADA-002_FULL,4623106,4623103,0.2823323468262777
ADA-002_FULL,4623106,4623108,0.2847850448436759
ADA-002_FULL,4623106,4623107,0.28665987458953646
ADA-002_FULL,4623106,4623109,0.2870561322806408
ADA-002_FULL,4623107,4623107,0.0
ADA-002_FULL,4623107,4623103,0.22187620445103404
ADA-002_FULL,4623107,4623101,0.24037521939908202
ADA-002_FULL,4623107,4623102,0.2501298019156457
ADA-002_FULL,4623107,4623199,0.25043300067676777
ADA-002_FULL,4623107,4623109,0.25467653307325244
ADA-002_FULL,4623107,4623105,0.25978783446219494
ADA-002_FULL,4623107,4622200,0.27179299419502256
ADA-002_FULL,4623107,4623108,0.2746640932728449
ADA-002_FULL,4623107,4623106,0.28665987458953646
ADA-002_FULL,4623108,4623108,0.0
ADA-002_FULL,4623108,4623199,0.19911637396079837
ADA-002_FULL,4623108,4623109,0.2159490806265811
ADA-002_FULL,4623108,4623101,0.2203688175934769
ADA-002_FULL,4623108,4623103,0.24025878589128047
ADA-002_FULL,4623108,4623105,0.25943252869288086
ADA-002_FULL,4623108,4623102,0.264448174022703
ADA-002_FULL,4623108,4639702,0.26894680363334
ADA-002_FULL,4623108,4623107,0.2746640932728449
ADA-002_FULL,4623108,4692300,0.2824479249969406
ADA-002_FULL,4623108,4623106,0.2847850448436759
ADA-002_FULL,4623108,4693100,0.2860429391701108
ADA-002_FULL,4623108,4622200,0.28715647604705874
ADA-002_FULL,4623108,4632003,0.2971861925295538
ADA-002_FULL,4623108,4623104,0.29937184719956716
ADA-002_FULL,4623109,4623109,0.0
ADA-002_FULL,4623109,4623101,0.11000485982078816
ADA-002_FULL,4623109,4623199,0.18253599349726585
ADA-002_FULL,4623109,4623105,0.21277737900038868
ADA-002_FULL,4623109,4623108,0.2159490806265811
ADA-002_FULL,4623109,4623103,0.22333363274259446
ADA-002_FULL,4623109,4623102,0.24339703226871232
ADA-002_FULL,4623109,4634699,0.2533961718295756
ADA-002_FULL,4623109,4623107,0.25467653307325244
ADA-002_FULL,4623109,4633803,0.27108456290064215
ADA-002_FULL,4623109,4622200,0.2730709982755434
ADA-002_FULL,4623109,4634601,0.27546321102960425
ADA-002_FULL,4623109,4639701,0.27675731468814985
ADA-002_FULL,4623109,4693100,0.28298681712664897
ADA-002_FULL,4623109,4623104,0.2858157057129058
ADA-002_FULL,4623109,4623106,0.2870561322806408
ADA-002_FULL,4623109,4789004,0.28797926546896496
ADA-002_FULL,4623109,4633802,0.28939182285893605
ADA-002_FULL,4623109,4691500,0.29010469166566394
ADA-002_FULL,4623109,4637105,0.2908539372023512
ADA-002_FULL,4623109,4634602,0.2940618885811448
ADA-002_FULL,4623109,4692300,0.2953350389497403
ADA-002_FULL,4623109,4634603,0.2980319972360183
ADA-002_FULL,4623199,4623199,0.0
ADA-002_FULL,4623199,4623101,0.18127638553903058
ADA-002_FULL,4623199,4623109,0.18253599349726585
ADA-002_FULL,4623199,4623108,0.19911637396079837
ADA-002_FULL,4623199,4623103,0.21439655019215267
ADA-002_FULL,4623199,4623102,0.2293561045390723
ADA-002_FULL,4623199,4623105,0.23155595276199042
ADA-002_FULL,4623199,4693100,0.2479650089266224
ADA-002_FULL,4623199,4623107,0.25043300067676777
ADA-002_FULL,4623199,4622200,0.2563417939829924
ADA-002_FULL,4623199,4692300,0.25804268702957567
ADA-002_FULL,4623199,4623104,0.2581576760537072
ADA-002_FULL,4623199,4623106,0.2647989867940752
ADA-002_FULL,4623199,4637199,0.26725769084106055
ADA-002_FULL,4623199,4611700,0.27303794791007485
ADA-002_FULL,4623199,4634699,0.27668278557358345
ADA-002_FULL,4623199,4637105,0.2793195696431728
ADA-002_FULL,4623199,4639701,0.29318144911711524
ADA-002_FULL,4623199,4691500,0.29456248836515503
ADA-002_FULL,4623199,4689399,0.2981810372270343
ADA-002_FULL,4623199,4621400,0.29858129633955044
ADA-002_FULL,4623199,4634601,0.29874411786522564
ADA-002_FULL,4631100,4631100,0.0
ADA-002_FULL,4631100,4639701,0.2828410023760532
ADA-002_FULL,4631100,4637105,0.28869972472819244
ADA-002_FULL,4631100,4637199,0.2992441791600411
ADA-002_FULL,4632001,4632001,0.0
ADA-002_FULL,4632001,4632003,0.13685523714140407
ADA-002_FULL,4632001,4632002,0.14805298028545094
ADA-002_FULL,4632001,4639701,0.2944310677154891
ADA-002_FULL,4632001,4637104,0.2967721055922402
ADA-002_FULL,4632002,4632002,0.0
ADA-002_FULL,4632002,4632001,0.14805298028545094
ADA-002_FULL,4632002,4632003,0.1579125163014372
ADA-002_FULL,4632002,4637102,0.2922934640298335
ADA-002_FULL,4632002,4637104,0.2953008882544768
ADA-002_FULL,4632003,4632003,0.0
ADA-002_FULL,4632003,4632001,0.13685523714140407
ADA-002_FULL,4632003,4632002,0.1579125163014372
ADA-002_FULL,4632003,4639702,0.2873464540293902
ADA-002_FULL,4632003,4623108,0.2971861925295538
ADA-002_FULL,4633801,4633801,0.0
ADA-002_FULL,4633801,4724500,0.27163959786711545
ADA-002_FULL,4633801,4634603,0.28229528068358883
ADA-002_FULL,4633801,4639701,0.2841373637923026
ADA-002_FULL,4633801,4637105,0.29764687578334303
ADA-002_FULL,4633802,4633802,0.0
ADA-002_FULL,4633802,4634602,0.20463720000820787
ADA-002_FULL,4633802,4633803,0.2616943867854345
ADA-002_FULL,4633802,4623101,0.28464587109041234
ADA-002_FULL,4633802,4623109,0.28939182285893605
ADA-002_FULL,4633803,4633803,0.0
ADA-002_FULL,4633803,4633802,0.2616943867854345
ADA-002_FULL,4633803,4623101,0.26494042944019186
ADA-002_FULL,4633803,4623109,0.27108456290064215
ADA-002_FULL,4633803,4634602,0.29168806930135327
ADA-002_FULL,4633803,4634699,0.29418804456593334
ADA-002_FULL,4634601,4634601,0.0
ADA-002_FULL,4634601,4634699,0.1531379106871644
ADA-002_FULL,4634601,4634603,0.2613367599926273
ADA-002_FULL,4634601,4634602,0.2626886558418852
ADA-002_FULL,4634601,4623109,0.27546321102960425
ADA-002_FULL,4634601,4639701,0.27606743967381303
ADA-002_FULL,4634601,4623101,0.2765484927984726
ADA-002_FULL,4634601,4722901,0.28194284699940036
ADA-002_FULL,4634601,4623102,0.2926223945804575
ADA-002_FULL,4634601,4637105,0.2957337207082667
ADA-002_FULL,4634601,4623199,0.29874411786522564
ADA-002_FULL,4634602,4634602,0.0
ADA-002_FULL,4634602,4633802,0.20463720000820787
ADA-002_FULL,4634602,4634699,0.24152248310118207
ADA-002_FULL,4634602,4634601,0.2626886558418852
ADA-002_FULL,4634602,4634603,0.28309159606829204
ADA-002_FULL,4634602,4623101,0.2847200570164767
ADA-002_FULL,4634602,4633803,0.29168806930135327
ADA-002_FULL,4634602,4623109,0.2940618885811448
ADA-002_FULL,4634603,4634603,0.0
ADA-002_FULL,4634603,4634699,0.2347872989922648
ADA-002_FULL,4634603,4639701,0.2611306518162405
ADA-002_FULL,4634603,4634601,0.2613367599926273
ADA-002_FULL,4634603,4637105,0.2755991578194922
ADA-002_FULL,4634603,4633801,0.28229528068358883
ADA-002_FULL,4634603,4634602,0.28309159606829204
ADA-002_FULL,4634603,4722902,0.2872795453716518
ADA-002_FULL,4634603,4637199,0.28767712897364944
ADA-002_FULL,4634603,4639702,0.2978273498846353
ADA-002_FULL,4634603,4623109,0.2980319972360183
ADA-002_FULL,4634699,4634699,0.0
ADA-002_FULL,4634699,4634601,0.1531379106871644
ADA-002_FULL,4634699,4634603,0.2347872989922648
ADA-002_FULL,4634699,4634602,0.24152248310118207
ADA-002_FULL,4634699,4623109,0.2533961718295756
ADA-002_FULL,4634699,4639701,0.26226699716609914
ADA-002_FULL,4634699,4623101,0.2629341418213334
ADA-002_FULL,4634699,4637199,0.26758915066255745
ADA-002_FULL,4634699,4623199,0.27668278557358345
ADA-002_FULL,4634699,4722901,0.2780709621744082
ADA-002_FULL,4634699,4637105,0.2805409760681283
ADA-002_FULL,4634699,4623102,0.2881845311956622
ADA-002_FULL,4634699,4633803,0.29418804456593334
ADA-002_FULL,4634699,4639702,0.29786188000813835
ADA-002_FULL,4635401,4635401,0.0
ADA-002_FULL,4635401,4635499,0.297627079975068
ADA-002_FULL,4635402,4635402,0.0
ADA-002_FULL,4635402,4635499,0.2639300041307881
ADA-002_FULL,4635402,4635403,0.2844322170252129
ADA-002_FULL,4635403,4635403,0.0
ADA-002_FULL,4635403,4639702,0.23441107066145533
ADA-002_FULL,4635403,4635499,0.2566846853023235
ADA-002_FULL,4635403,4635402,0.2844322170252129
ADA-002_FULL,4635499,4635499,0.0
ADA-002_FULL,4635499,4637199,0.21349214028146918
ADA-002_FULL,4635499,4637105,0.24889939165264066
ADA-002_FULL,4635499,4635403,0.2566846853023235
ADA-002_FULL,4635499,4639701,0.2588423375386037
ADA-002_FULL,4635499,4635402,0.2639300041307881
ADA-002_FULL,4635499,4637102,0.2772025022209244
ADA-002_FULL,4635499,4723700,0.28477181697095705
ADA-002_FULL,4635499,4693100,0.295235501475118
ADA-002_FULL,4635499,4635401,0.297627079975068
ADA-002_FULL,4636201,4636201,0.0
ADA-002_FULL,4636201,4636202,0.19893593504949142
ADA-002_FULL,4636201,4623104,0.2444802813467911
ADA-002_FULL,4636201,4639701,0.28368383858358176
ADA-002_FULL,4636202,4636202,0.0
ADA-002_FULL,4636202,4636201,0.19893593504949142
ADA-002_FULL,4636202,4623104,0.27841869635057476
ADA-002_FULL,4637101,4637101,0.0
ADA-002_FULL,4637101,4621400,0.25587935159581376
ADA-002_FULL,4637101,4637199,0.28684387493817065
ADA-002_FULL,4637101,4637105,0.2883519672757292
ADA-002_FULL,4637101,4637102,0.2933264532755975
ADA-002_FULL,4637102,4637102,0.0
ADA-002_FULL,4637102,4637105,0.21573594776957103
ADA-002_FULL,4637102,4637199,0.22228248808598713
ADA-002_FULL,4637102,4639701,0.23399857711715938
ADA-002_FULL,4637102,4637106,0.25903301184087363
ADA-002_FULL,4637102,4637103,0.2731430533619929
ADA-002_FULL,4637102,4637104,0.2755959382784182
ADA-002_FULL,4637102,4635499,0.2772025022209244
ADA-002_FULL,4637102,4639702,0.28360070459814757
ADA-002_FULL,4637102,4637107,0.286748957218043
ADA-002_FULL,4637102,4693100,0.28977274131645747
ADA-002_FULL,4637102,4632002,0.2922934640298335
ADA-002_FULL,4637102,4691500,0.2923690334853868
ADA-002_FULL,4637102,4637101,0.2933264532755975
ADA-002_FULL,4637103,4637103,0.0
ADA-002_FULL,4637103,4637105,0.2465968069844547
ADA-002_FULL,4637103,4637199,0.2484275639453475
ADA-002_FULL,4637103,4639701,0.26488207377422235
ADA-002_FULL,4637103,4637102,0.2731430533619929
ADA-002_FULL,4637103,4681803,0.28206093194755427
ADA-002_FULL,4637103,4681805,0.2824685976705034
ADA-002_FULL,4637103,4681801,0.2886381437902461
ADA-002_FULL,4637103,4693100,0.2915288517605871
ADA-002_FULL,4637103,4691500,0.29782676534626823
ADA-002_FULL,4637104,4637104,0.0
ADA-002_FULL,4637104,4637105,0.24859860766214142
ADA-002_FULL,4637104,4637199,0.25065278605585073
ADA-002_FULL,4637104,4639701,0.2566964790038017
ADA-002_FULL,4637104,4637102,0.2755959382784182
ADA-002_FULL,4637104,4637107,0.2857776275651068
ADA-002_FULL,4637104,4632002,0.2953008882544768
ADA-002_FULL,4637104,4632001,0.2967721055922402
ADA-002_FULL,4637105,4637105,0.0
ADA-002_FULL,4637105,4637199,0.15822848893632518
ADA-002_FULL,4637105,4639701,0.18299975437695193
ADA-002_FULL,4637105,4637102,0.21573594776957103
ADA-002_FULL,4637105,4691500,0.22580624852291165
ADA-002_FULL,4637105,4693100,0.23921566843051625
ADA-002_FULL,4637105,4637103,0.2465968069844547
ADA-002_FULL,4637105,4639702,0.24760730487714858
ADA-002_FULL,4637105,4637104,0.24859860766214142
ADA-002_FULL,4637105,4635499,0.24889939165264066
ADA-002_FULL,4637105,4637106,0.2684211893090372
ADA-002_FULL,4637105,4692300,0.27375418747192565
ADA-002_FULL,4637105,4634603,0.2755991578194922
ADA-002_FULL,4637105,4623199,0.2793195696431728
ADA-002_FULL,4637105,4634699,0.2805409760681283
ADA-002_FULL,4637105,4689399,0.2840461260687073
ADA-002_FULL,4637105,4729699,0.28557987630882653
ADA-002_FULL,4637105,4729602,0.2879741240922295
ADA-002_FULL,4637105,4637101,0.2883519672757292
ADA-002_FULL,4637105,4631100,0.28869972472819244
ADA-002_FULL,4637105,4637107,0.28938524339035504
ADA-002_FULL,4637105,4623109,0.2908539372023512
ADA-002_FULL,4637105,4634601,0.2957337207082667
ADA-002_FULL,4637105,4633801,0.29764687578334303
ADA-002_FULL,4637105,4623105,0.2993327605319744
ADA-002_FULL,4637106,4637106,0.0
ADA-002_FULL,4637106,4637102,0.25903301184087363
ADA-002_FULL,4637106,4637105,0.2684211893090372
ADA-002_FULL,4637106,4637199,0.27050104934938357
ADA-002_FULL,4637106,4637107,0.28402519080074373
ADA-002_FULL,4637106,4639701,0.29408407537056075
ADA-002_FULL,4637107,4637107,0.0
ADA-002_FULL,4637107,4721104,0.26592846932958525
ADA-002_FULL,4637107,4637106,0.28402519080074373
ADA-002_FULL,4637107,4637104,0.2857776275651068
ADA-002_FULL,4637107,4637102,0.286748957218043
ADA-002_FULL,4637107,4637105,0.28938524339035504
ADA-002_FULL,4637107,4637199,0.2930493425228786
ADA-002_FULL,4637199,4637199,0.0
ADA-002_FULL,4637199,4637105,0.15822848893632518
ADA-002_FULL,4637199,4639701,0.186168775055114
ADA-002_FULL,4637199,4635499,0.21349214028146918
ADA-002_FULL,4637199,4637102,0.22228248808598713
ADA-002_FULL,4637199,4689399,0.23862644744267528
ADA-002_FULL,4637199,4693100,0.24027588117900361
ADA-002_FULL,4637199,4691500,0.244409352265602
ADA-002_FULL,4637199,4637103,0.2484275639453475
ADA-002_FULL,4637199,4729699,0.24995565785345217
ADA-002_FULL,4637199,4637104,0.25065278605585073
ADA-002_FULL,4637199,4639702,0.2537118536648683
ADA-002_FULL,4637199,4623199,0.26725769084106055
ADA-002_FULL,4637199,4634699,0.26758915066255745
ADA-002_FULL,4637199,4637106,0.27050104934938357
ADA-002_FULL,4637199,4729602,0.27983679401546474
ADA-002_FULL,4637199,4649499,0.2801992093526842
ADA-002_FULL,4637199,4692300,0.2831620019415527
ADA-002_FULL,4637199,4637101,0.28684387493817065
ADA-002_FULL,4637199,4634603,0.28767712897364944
ADA-002_FULL,4637199,4684299,0.2883952769163687
ADA-002_FULL,4637199,4637107,0.2930493425228786
ADA-002_FULL,4637199,4631100,0.2992441791600411
ADA-002_FULL,4639701,4639701,0.0
ADA-002_FULL,4639701,4637105,0.18299975437695193
ADA-002_FULL,4639701,4637199,0.186168775055114
ADA-002_FULL,4639701,4639702,0.19144474930969654
ADA-002_FULL,4639701,4691500,0.19424980246002568
ADA-002_FULL,4639701,4637102,0.23399857711715938
ADA-002_FULL,4639701,4693100,0.2346852822937387
ADA-002_FULL,4639701,4637104,0.2566964790038017
ADA-002_FULL,4639701,4635499,0.2588423375386037
ADA-002_FULL,4639701,4634603,0.2611306518162405
ADA-002_FULL,4639701,4634699,0.26226699716609914
ADA-002_FULL,4639701,4637103,0.26488207377422235
ADA-002_FULL,4639701,4692300,0.267254332971616
ADA-002_FULL,4639701,4729699,0.27451106895048816
ADA-002_FULL,4639701,4729602,0.2745415365026009
ADA-002_FULL,4639701,4634601,0.27606743967381303
ADA-002_FULL,4639701,4623109,0.27675731468814985
ADA-002_FULL,4639701,4631100,0.2828410023760532
ADA-002_FULL,4639701,4636201,0.28368383858358176
ADA-002_FULL,4639701,4633801,0.2841373637923026
ADA-002_FULL,4639701,4623199,0.29318144911711524
ADA-002_FULL,4639701,4637106,0.29408407537056075
ADA-002_FULL,4639701,4632001,0.2944310677154891
ADA-002_FULL,4639701,4617600,0.2958097485385172
ADA-002_FULL,4639701,4623105,0.2982091215163999
ADA-002_FULL,4639702,4639702,0.0
ADA-002_FULL,4639702,4639701,0.19144474930969654
ADA-002_FULL,4639702,4635403,0.23441107066145533
ADA-002_FULL,4639702,4637105,0.24760730487714858
ADA-002_FULL,4639702,4637199,0.2537118536648683
ADA-002_FULL,4639702,4691500,0.25455002309326835
ADA-002_FULL,4639702,4623108,0.26894680363334
ADA-002_FULL,4639702,4637102,0.28360070459814757
ADA-002_FULL,4639702,4632003,0.2873464540293902
ADA-002_FULL,4639702,4693100,0.29116716207413684
ADA-002_FULL,4639702,4634603,0.2978273498846353
ADA-002_FULL,4639702,4634699,0.29786188000813835
ADA-002_FULL,4641901,4641901,0.0
ADA-002_FULL,4641901,4641903,0.1664806655687097
ADA-002_FULL,4641901,4641902,0.21003169484703788
ADA-002_FULL,4641901,4642701,0.23907532898137662
ADA-002_FULL,4641901,4649405,0.25863021091662564
ADA-002_FULL,4641901,4642702,0.26310928813034695
ADA-002_FULL,4641901,4649404,0.2729587125888796
ADA-002_FULL,4641901,4755501,0.28073487972259126
ADA-002_FULL,4641901,4647801,0.28599130850474286
ADA-002_FULL,4641901,4649499,0.2895957350272661
ADA-002_FULL,4641901,4693100,0.2905791111945594
ADA-002_FULL,4641901,4623103,0.29145632365441376
ADA-002_FULL,4641901,4689302,0.2949246112214919
ADA-002_FULL,4641901,4692300,0.29741560143162016
ADA-002_FULL,4641901,4643502,0.29860339887301857
ADA-002_FULL,4641901,4643501,0.2997449095094038
ADA-002_FULL,4641902,4641902,0.0
ADA-002_FULL,4641902,4641901,0.21003169484703788
ADA-002_FULL,4641902,4641903,0.21490206612100266
ADA-002_FULL,4641902,4649404,0.23489088308441655
ADA-002_FULL,4641902,4755503,0.26190716096680966
ADA-002_FULL,4641902,4755502,0.27774661371945486
ADA-002_FULL,4641902,4649405,0.2791926717848875
ADA-002_FULL,4641902,4642701,0.2797316287574121
ADA-002_FULL,4641902,4755501,0.2815117597365202
ADA-002_FULL,4641902,4642702,0.2893752817403909
ADA-002_FULL,4641902,4649499,0.2967319019843889
ADA-002_FULL,4641903,4641903,0.0
ADA-002_FULL,4641903,4641901,0.1664806655687097
ADA-002_FULL,4641903,4641902,0.21490206612100266
ADA-002_FULL,4641903,4642701,0.2556617409225972
ADA-002_FULL,4641903,4649404,0.2601744873229428
ADA-002_FULL,4641903,4642702,0.27692151951496097
ADA-002_FULL,4641903,4755502,0.2804339244247495
ADA-002_FULL,4641903,4649405,0.28701019230060365
ADA-002_FULL,4641903,4649499,0.2959781048598479
ADA-002_FULL,4642701,4642701,0.0
ADA-002_FULL,4642701,4642702,0.151092081021781
ADA-002_FULL,4642701,4641901,0.23907532898137662
ADA-002_FULL,4642701,4781400,0.2540628920751006
ADA-002_FULL,4642701,4643501,0.25411064343430917
ADA-002_FULL,4642701,4641903,0.2556617409225972
ADA-002_FULL,4642701,4643502,0.25877018318868766
ADA-002_FULL,4642701,4693100,0.2686363077033604
ADA-002_FULL,4642701,4649499,0.2725555683358074
ADA-002_FULL,4642701,4641902,0.2797316287574121
ADA-002_FULL,4642701,4649404,0.28626113350362864
ADA-002_FULL,4642701,4692300,0.2885072183959228
ADA-002_FULL,4642702,4642702,0.0
ADA-002_FULL,4642702,4642701,0.151092081021781
ADA-002_FULL,4642702,4641901,0.26310928813034695
ADA-002_FULL,4642702,4643502,0.26987231148447
ADA-002_FULL,4642702,4781400,0.27449263230922255
ADA-002_FULL,4642702,4641903,0.27692151951496097
ADA-002_FULL,4642702,4643501,0.27697929075109323
ADA-002_FULL,4642702,4641902,0.2893752817403909
ADA-002_FULL,4642702,4649499,0.2944027637687461
ADA-002_FULL,4643501,4643501,0.0
ADA-002_FULL,4643501,4643502,0.21404028427816657
ADA-002_FULL,4643501,4782201,0.241014602889027
ADA-002_FULL,4643501,4642701,0.25411064343430917
ADA-002_FULL,4643501,4782202,0.27163530238040906
ADA-002_FULL,4643501,4642702,0.27697929075109323
ADA-002_FULL,4643501,4693100,0.2975525645380135
ADA-002_FULL,4643501,4641901,0.2997449095094038
ADA-002_FULL,4643502,4643502,0.0
ADA-002_FULL,4643502,4643501,0.21404028427816657
ADA-002_FULL,4643502,4642701,0.25877018318868766
ADA-002_FULL,4643502,4642702,0.26987231148447
ADA-002_FULL,4643502,4641901,0.29860339887301857
ADA-002_FULL,4643502,4782202,0.2988158043767272
ADA-002_FULL,4644301,4644301,0.0
ADA-002_FULL,4644301,4644302,0.1394456281162801
ADA-002_FULL,4644301,4771704,0.28625380876884865
ADA-002_FULL,4644301,4771701,0.29497710819317696
ADA-002_FULL,4644302,4644302,0.0
ADA-002_FULL,4644302,4644301,0.1394456281162801
ADA-002_FULL,4644302,4771704,0.2540257611651409
ADA-002_FULL,4644302,4771701,0.29383969069774
ADA-002_FULL,4645101,4645101,0.0
ADA-002_FULL,4645101,4645102,0.22258205186466984
ADA-002_FULL,4645101,4645103,0.22696377552207203
ADA-002_FULL,4645101,4618402,0.2901866537994047
ADA-002_FULL,4645102,4645102,0.0
ADA-002_FULL,4645102,4645103,0.22199559903071403
ADA-002_FULL,4645102,4645101,0.22258205186466984
ADA-002_FULL,4645102,4773300,0.2963463176493636
ADA-002_FULL,4645103,4645103,0.0
ADA-002_FULL,4645103,4645102,0.22199559903071403
ADA-002_FULL,4645103,4645101,0.22696377552207203
ADA-002_FULL,4645103,4664800,0.2720301181300099
ADA-002_FULL,4645103,4618402,0.2856073920570522
ADA-002_FULL,4646001,4646001,0.0
ADA-002_FULL,4646001,4646002,0.1543479591287664
ADA-002_FULL,4646001,4772500,0.23519051112373077
ADA-002_FULL,4646001,4649408,0.2751707009320135
ADA-002_FULL,4646002,4646002,0.0
ADA-002_FULL,4646002,4646001,0.1543479591287664
ADA-002_FULL,4646002,4649408,0.21686859131870057
ADA-002_FULL,4646002,4649409,0.25826730548997595
ADA-002_FULL,4646002,4772500,0.26298884506838954
ADA-002_FULL,4647801,4647801,0.0
ADA-002_FULL,4647801,4647802,0.1437995893337731
ADA-002_FULL,4647801,4686901,0.2514290168479577
ADA-002_FULL,4647801,4761003,0.25722372561441775
ADA-002_FULL,4647801,4687701,0.2622055210748098
ADA-002_FULL,4647801,4686902,0.2643523227435433
ADA-002_FULL,4647801,4641901,0.28599130850474286
ADA-002_FULL,4647801,4761001,0.2885623426517731
ADA-002_FULL,4647801,4693100,0.29412827747235026
ADA-002_FULL,4647801,4761002,0.29821906176215257
ADA-002_FULL,4647802,4647802,0.0
ADA-002_FULL,4647802,4647801,0.1437995893337731
ADA-002_FULL,4647802,4761001,0.2516766934680844
ADA-002_FULL,4647802,4761002,0.2586922056432148
ADA-002_FULL,4647802,4761003,0.25977380357126123
ADA-002_FULL,4647802,4618403,0.28608170496622665
ADA-002_FULL,4649401,4649401,0.0
ADA-002_FULL,4649401,4649402,0.15001458272140594
ADA-002_FULL,4649401,4649499,0.17720968020668698
ADA-002_FULL,4649401,4673700,0.2700512777267196
ADA-002_FULL,4649401,4649404,0.28098180198348666
ADA-002_FULL,4649401,4652400,0.2829311207726586
ADA-002_FULL,4649401,4759899,0.2929982623772478
ADA-002_FULL,4649401,4669999,0.2938316736584348
ADA-002_FULL,4649401,4649403,0.29761516779259833
ADA-002_FULL,4649402,4649402,0.0
ADA-002_FULL,4649402,4649401,0.15001458272140594
ADA-002_FULL,4649402,4649499,0.18562993777517375
ADA-002_FULL,4649402,4652400,0.25491347550763616
ADA-002_FULL,4649402,4757100,0.27050745628445877
ADA-002_FULL,4649402,4651601,0.2715235743158833
ADA-002_FULL,4649402,4649404,0.2781958408230214
ADA-002_FULL,4649402,4759899,0.28314476923083554
ADA-002_FULL,4649402,4649407,0.2863811939757378
ADA-002_FULL,4649402,4669999,0.28882491447267467
ADA-002_FULL,4649402,4651602,0.2939360702490849
ADA-002_FULL,4649403,4649403,0.0
ADA-002_FULL,4649403,4763603,0.24734629039296085
ADA-002_FULL,4649403,4649499,0.2636040417280583
ADA-002_FULL,4649403,4649401,0.29761516779259833
ADA-002_FULL,4649403,4541201,0.2991971259672452
ADA-002_FULL,4649404,4649404,0.0
ADA-002_FULL,4649404,4649499,0.22861759023544476
ADA-002_FULL,4649404,4641902,0.23489088308441655
ADA-002_FULL,4649404,4641903,0.2601744873229428
ADA-002_FULL,4649404,4641901,0.2729587125888796
ADA-002_FULL,4649404,4649402,0.2781958408230214
ADA-002_FULL,4649404,4649401,0.28098180198348666
ADA-002_FULL,4649404,4754701,0.2830541940614955
ADA-002_FULL,4649404,4649405,0.2836937303388881
ADA-002_FULL,4649404,4642701,0.28626113350362864
ADA-002_FULL,4649404,4754702,0.2869607438425724
ADA-002_FULL,4649404,4649406,0.2943495408719506
ADA-002_FULL,4649405,4649405,0.0
ADA-002_FULL,4649405,4759801,0.20992450212331876
ADA-002_FULL,4649405,4641901,0.25863021091662564
ADA-002_FULL,4649405,4641902,0.2791926717848875
ADA-002_FULL,4649405,4649404,0.2836937303388881
ADA-002_FULL,4649405,4641903,0.28701019230060365
ADA-002_FULL,4649405,4649499,0.295792486472451
ADA-002_FULL,4649406,4649406,0.0
ADA-002_FULL,4649406,4754703,0.29420691362699436
ADA-002_FULL,4649406,4649404,0.2943495408719506
ADA-002_FULL,4649407,4649407,0.0
ADA-002_FULL,4649407,4762800,0.2760219696423992
ADA-002_FULL,4649407,4649499,0.27831174855573887
ADA-002_FULL,4649407,4649402,0.2863811939757378
ADA-002_FULL,4649408,4649408,0.0
ADA-002_FULL,4649408,4649409,0.164922995285574
ADA-002_FULL,4649408,4646002,0.21686859131870057
ADA-002_FULL,4649408,4649499,0.2683057121469548
ADA-002_FULL,4649408,4646001,0.2751707009320135
ADA-002_FULL,4649409,4649409,0.0
ADA-002_FULL,4649409,4649408,0.164922995285574
ADA-002_FULL,4649409,4646002,0.25826730548997595
ADA-002_FULL,4649409,4649499,0.2991275584527091
ADA-002_FULL,4649410,4649410,0.0
ADA-002_FULL,4649410,4783101,0.28862202892829875
ADA-002_FULL,4649499,4649499,0.0
ADA-002_FULL,4649499,4649401,0.17720968020668698
ADA-002_FULL,4649499,4649402,0.18562993777517375
ADA-002_FULL,4649499,4649404,0.22861759023544476
ADA-002_FULL,4649499,4669999,0.23287869916373183
ADA-002_FULL,4649499,4759899,0.24370853287066527
ADA-002_FULL,4649499,4649403,0.2636040417280583
ADA-002_FULL,4649499,4693100,0.26687147132321803
ADA-002_FULL,4649499,4689399,0.2673570996917238
ADA-002_FULL,4649499,4649408,0.2683057121469548
ADA-002_FULL,4649499,4642701,0.2725555683358074
ADA-002_FULL,4649499,4649407,0.27831174855573887
ADA-002_FULL,4649499,4637199,0.2801992093526842
ADA-002_FULL,4649499,4665600,0.2876103057076118
ADA-002_FULL,4649499,4641901,0.2895957350272661
ADA-002_FULL,4649499,4692300,0.2921237297110102
ADA-002_FULL,4649499,4663000,0.2924625911015906
ADA-002_FULL,4649499,4789099,0.293898797710033
ADA-002_FULL,4649499,4642702,0.2944027637687461
ADA-002_FULL,4649499,4661300,0.2947848960786802
ADA-002_FULL,4649499,4652400,0.29571692455535803
ADA-002_FULL,4649499,4649405,0.295792486472451
ADA-002_FULL,4649499,4641903,0.2959781048598479
ADA-002_FULL,4649499,4641902,0.2967319019843889
ADA-002_FULL,4649499,4679699,0.297872537535845
ADA-002_FULL,4649499,4679604,0.29870576791488945
ADA-002_FULL,4649499,4649409,0.2991275584527091
ADA-002_FULL,4651601,4651601,0.0
ADA-002_FULL,4651601,4651602,0.11032213079765209
ADA-002_FULL,4651601,4652400,0.23238771743744274
ADA-002_FULL,4651601,4751201,0.23593522071192607
ADA-002_FULL,4651601,4649402,0.2715235743158833
ADA-002_FULL,4651601,4665600,0.2845818653652012
ADA-002_FULL,4651602,4651602,0.0
ADA-002_FULL,4651602,4651601,0.11032213079765209
ADA-002_FULL,4651602,4751201,0.24965921530383006
ADA-002_FULL,4651602,4652400,0.26258300231946474
ADA-002_FULL,4651602,4649402,0.2939360702490849
ADA-002_FULL,4652400,4652400,0.0
ADA-002_FULL,4652400,4651601,0.23238771743744274
ADA-002_FULL,4652400,4649402,0.25491347550763616
ADA-002_FULL,4652400,4651602,0.26258300231946474
ADA-002_FULL,4652400,4752100,0.2643123237134724
ADA-002_FULL,4652400,4665600,0.27655958707959133
ADA-002_FULL,4652400,4649401,0.2829311207726586
ADA-002_FULL,4652400,4757100,0.286139089442052
ADA-002_FULL,4652400,4663000,0.2895138070415175
ADA-002_FULL,4652400,4673700,0.29041331072853177
ADA-002_FULL,4652400,4661300,0.2948575844858768
ADA-002_FULL,4652400,4649499,0.29571692455535803
ADA-002_FULL,4661300,4661300,0.0
ADA-002_FULL,4661300,4665600,0.14950101663390572
ADA-002_FULL,4661300,4663000,0.1515641820284486
ADA-002_FULL,4661300,4669999,0.20843657419727743
ADA-002_FULL,4661300,4662100,0.20981380063340171
ADA-002_FULL,4661300,4664800,0.264296831364761
ADA-002_FULL,4661300,4669901,0.27806046944841595
ADA-002_FULL,4661300,4692300,0.2886480705896676
ADA-002_FULL,4661300,4649499,0.2947848960786802
ADA-002_FULL,4661300,4652400,0.2948575844858768
ADA-002_FULL,4661300,4693100,0.2968904212295838
ADA-002_FULL,4662100,4662100,0.0
ADA-002_FULL,4662100,4661300,0.20981380063340171
ADA-002_FULL,4662100,4663000,0.2108993180678172
ADA-002_FULL,4662100,4665600,0.21118778174215694
ADA-002_FULL,4662100,4669999,0.2552129732926244
ADA-002_FULL,4662100,2854200,0.2847150873373456
ADA-002_FULL,4662100,4669901,0.29455107921088414
ADA-002_FULL,4663000,4663000,0.0
ADA-002_FULL,4663000,4665600,0.09953260684573023
ADA-002_FULL,4663000,4661300,0.1515641820284486
ADA-002_FULL,4663000,4669999,0.1940226273113989
ADA-002_FULL,4663000,4662100,0.2108993180678172
ADA-002_FULL,4663000,4664800,0.25539832572619364
ADA-002_FULL,4663000,4669901,0.2654931514446184
ADA-002_FULL,4663000,4652400,0.2895138070415175
ADA-002_FULL,4663000,4649499,0.2924625911015906
ADA-002_FULL,4664800,4664800,0.0
ADA-002_FULL,4664800,4665600,0.2494411748736534
ADA-002_FULL,4664800,4663000,0.25539832572619364
ADA-002_FULL,4664800,4661300,0.264296831364761
ADA-002_FULL,4664800,4645103,0.2720301181300099
ADA-002_FULL,4664800,4669999,0.2846804940862167
ADA-002_FULL,4665600,4665600,0.0
ADA-002_FULL,4665600,4663000,0.09953260684573023
ADA-002_FULL,4665600,4661300,0.14950101663390572
ADA-002_FULL,4665600,4669999,0.19200789279335723
ADA-002_FULL,4665600,4662100,0.21118778174215694
ADA-002_FULL,4665600,4664800,0.2494411748736534
ADA-002_FULL,4665600,4669901,0.26442412624587713
ADA-002_FULL,4665600,4652400,0.27655958707959133
ADA-002_FULL,4665600,4651601,0.2845818653652012
ADA-002_FULL,4665600,4649499,0.2876103057076118
ADA-002_FULL,4669901,4669901,0.0
ADA-002_FULL,4669901,4669999,0.23983662975516912
ADA-002_FULL,4669901,4665600,0.26442412624587713
ADA-002_FULL,4669901,4663000,0.2654931514446184
ADA-002_FULL,4669901,4661300,0.27806046944841595
ADA-002_FULL,4669901,4662100,0.29455107921088414
ADA-002_FULL,4669999,4669999,0.0
ADA-002_FULL,4669999,4665600,0.19200789279335723
ADA-002_FULL,4669999,4663000,0.1940226273113989
ADA-002_FULL,4669999,4661300,0.20843657419727743
ADA-002_FULL,4669999,4649499,0.23287869916373183
ADA-002_FULL,4669999,4669901,0.23983662975516912
ADA-002_FULL,4669999,4662100,0.2552129732926244
ADA-002_FULL,4669999,4664800,0.2846804940862167
ADA-002_FULL,4669999,4649402,0.28882491447267467
ADA-002_FULL,4669999,4649401,0.2938316736584348
ADA-002_FULL,4671100,4671100,0.0
ADA-002_FULL,4671100,4673700,0.23374563490750436
ADA-002_FULL,4671100,4672900,0.24274590144242328
ADA-002_FULL,4671100,4674500,0.24911259418539566
ADA-002_FULL,4671100,4744002,0.25125633499333183
ADA-002_FULL,4671100,4679699,0.25873352509812847
ADA-002_FULL,4671100,4679604,0.2667339676442835
ADA-002_FULL,4671100,4613300,0.27632180158190833
ADA-002_FULL,4671100,4744001,0.28506324107721515
ADA-002_FULL,4671100,4744005,0.291041426807812
ADA-002_FULL,4671100,4744099,0.2931392788781586
ADA-002_FULL,4671100,4679601,0.2941699370860962
ADA-002_FULL,4672900,4672900,0.0
ADA-002_FULL,4672900,4744001,0.22311847904175613
ADA-002_FULL,4672900,4673700,0.23135992652036055
ADA-002_FULL,4672900,4671100,0.24274590144242328
ADA-002_FULL,4672900,4674500,0.24775773295204676
ADA-002_FULL,4672900,4679699,0.2731903555789267
ADA-002_FULL,4672900,4679604,0.2822427280041295
ADA-002_FULL,4672900,4685100,0.29376537093431243
ADA-002_FULL,4672900,4744002,0.2984691876330361
ADA-002_FULL,4673700,4673700,0.0
ADA-002_FULL,4673700,4672900,0.23135992652036055
ADA-002_FULL,4673700,4671100,0.23374563490750436
ADA-002_FULL,4673700,4742300,0.24188018554866048
ADA-002_FULL,4673700,4674500,0.2483037660523854
ADA-002_FULL,4673700,4679699,0.2630604065284048
ADA-002_FULL,4673700,4649401,0.2700512777267196
ADA-002_FULL,4673700,4679604,0.2716174246531847
ADA-002_FULL,4673700,3513100,0.27839934576072095
ADA-002_FULL,4673700,4652400,0.29041331072853177
ADA-002_FULL,4673700,4685100,0.29960931402388113
ADA-002_FULL,4674500,4674500,0.0
ADA-002_FULL,4674500,4672900,0.24775773295204676
ADA-002_FULL,4674500,4673700,0.2483037660523854
ADA-002_FULL,4674500,4671100,0.24911259418539566
ADA-002_FULL,4674500,4679699,0.26603656851379515
ADA-002_FULL,4674500,4679604,0.2734101733880559
ADA-002_FULL,4674500,4679601,0.2863053585074008
ADA-002_FULL,4674500,4679602,0.288544279130968
ADA-002_FULL,4674500,4685100,0.2937648497657069
ADA-002_FULL,4679601,4679601,0.0
ADA-002_FULL,4679601,4679604,0.2343938471918941
ADA-002_FULL,4679601,4679699,0.2349596772756677
ADA-002_FULL,4679601,4741500,0.2704940388603442
ADA-002_FULL,4679601,4674500,0.2863053585074008
ADA-002_FULL,4679601,4679603,0.2902375963931718
ADA-002_FULL,4679601,4671100,0.2941699370860962
ADA-002_FULL,4679602,4679602,0.0
ADA-002_FULL,4679602,4679699,0.2711760277925628
ADA-002_FULL,4679602,4679604,0.2751380231079272
ADA-002_FULL,4679602,4674500,0.288544279130968
ADA-002_FULL,4679603,4679603,0.0
ADA-002_FULL,4679603,4743100,0.278050897075989
ADA-002_FULL,4679603,4679604,0.2841645440965701
ADA-002_FULL,4679603,4679699,0.28446261107979776
ADA-002_FULL,4679603,4679601,0.2902375963931718
ADA-002_FULL,4679604,4679604,0.0
ADA-002_FULL,4679604,4679699,0.12798883374137818
ADA-002_FULL,4679604,4679601,0.2343938471918941
ADA-002_FULL,4679604,4744005,0.2508303996545608
ADA-002_FULL,4679604,4671100,0.2667339676442835
ADA-002_FULL,4679604,4673700,0.2716174246531847
ADA-002_FULL,4679604,4674500,0.2734101733880559
ADA-002_FULL,4679604,4679602,0.2751380231079272
ADA-002_FULL,4679604,4672900,0.2822427280041295
ADA-002_FULL,4679604,4679603,0.2841645440965701
ADA-002_FULL,4679604,4744099,0.2910695950007363
ADA-002_FULL,4679604,4693100,0.29133287732216695
ADA-002_FULL,4679604,4685100,0.29255525615162514
ADA-002_FULL,4679604,4649499,0.29870576791488945
ADA-002_FULL,4679699,4679699,0.0
ADA-002_FULL,4679699,4679604,0.12798883374137818
ADA-002_FULL,4679699,4679601,0.2349596772756677
ADA-002_FULL,4679699,4671100,0.25873352509812847
ADA-002_FULL,4679699,4744099,0.2593910268108215
ADA-002_FULL,4679699,4673700,0.2630604065284048
ADA-002_FULL,4679699,4674500,0.26603656851379515
ADA-002_FULL,4679699,4744005,0.268482228597847
ADA-002_FULL,4679699,4679602,0.2711760277925628
ADA-002_FULL,4679699,4672900,0.2731903555789267
ADA-002_FULL,4679699,4679603,0.28446261107979776
ADA-002_FULL,4679699,4693100,0.28501841500233527
ADA-002_FULL,4679699,4685100,0.2922321720301287
ADA-002_FULL,4679699,4649499,0.297872537535845
ADA-002_FULL,4681801,4681801,0.0
ADA-002_FULL,4681801,4681803,0.18621058714918085
ADA-002_FULL,4681801,4681802,0.2149895363695354
ADA-002_FULL,4681801,4681804,0.22058013555871558
ADA-002_FULL,4681801,4681805,0.23470739642823182
ADA-002_FULL,4681801,4682600,0.2801886147070394
ADA-002_FULL,4681801,4637103,0.2886381437902461
ADA-002_FULL,4681802,4681802,0.0
ADA-002_FULL,4681802,4681801,0.2149895363695354
ADA-002_FULL,4681802,4681803,0.23994829511861454
ADA-002_FULL,4681802,4681804,0.24148518153473145
ADA-002_FULL,4681802,4681805,0.26828588822483773
ADA-002_FULL,4681803,4681803,0.0
ADA-002_FULL,4681803,4681804,0.16468544832903187
ADA-002_FULL,4681803,4681801,0.18621058714918085
ADA-002_FULL,4681803,4681805,0.20889055827157543
ADA-002_FULL,4681803,4681802,0.23994829511861454
ADA-002_FULL,4681803,4682600,0.2581463918006808
ADA-002_FULL,4681803,4637103,0.28206093194755427
ADA-002_FULL,4681803,4731800,0.29492620066075437
ADA-002_FULL,4681803,4684202,0.2972264044349086
ADA-002_FULL,4681804,4681804,0.0
ADA-002_FULL,4681804,4681803,0.16468544832903187
ADA-002_FULL,4681804,4681805,0.21640302264087072
ADA-002_FULL,4681804,4681801,0.22058013555871558
ADA-002_FULL,4681804,4681802,0.24148518153473145
ADA-002_FULL,4681804,4682600,0.2679747381923539
ADA-002_FULL,4681804,4689301,0.2822758507726452
ADA-002_FULL,4681804,4731800,0.29739233576683033
ADA-002_FULL,4681804,4684202,0.29963654805927453
ADA-002_FULL,4681805,4681805,0.0
ADA-002_FULL,4681805,4681803,0.20889055827157543
ADA-002_FULL,4681805,4681804,0.21640302264087072
ADA-002_FULL,4681805,4681801,0.23470739642823182
ADA-002_FULL,4681805,4682600,0.2496745453956733
ADA-002_FULL,4681805,4732600,0.26321290765234173
ADA-002_FULL,4681805,4681802,0.26828588822483773
ADA-002_FULL,4681805,4684202,0.27829815083736414
ADA-002_FULL,4681805,4637103,0.2824685976705034
ADA-002_FULL,4682600,4682600,0.0
ADA-002_FULL,4682600,4784900,0.21063610176683245
ADA-002_FULL,4682600,4681805,0.2496745453956733
ADA-002_FULL,4682600,4681803,0.2581463918006808
ADA-002_FULL,4682600,4681804,0.2679747381923539
ADA-002_FULL,4682600,4681801,0.2801886147070394
ADA-002_FULL,4683400,4683400,0.0
ADA-002_FULL,4684201,4684201,0.0
ADA-002_FULL,4684201,4684202,0.23317267058787292
ADA-002_FULL,4684201,4684299,0.24200017049910408
ADA-002_FULL,4684202,4684202,0.0
ADA-002_FULL,4684202,4684299,0.20379491598637234
ADA-002_FULL,4684202,4684201,0.23317267058787292
ADA-002_FULL,4684202,4681805,0.27829815083736414
ADA-002_FULL,4684202,4681803,0.2972264044349086
ADA-002_FULL,4684202,4681804,0.29963654805927453
ADA-002_FULL,4684299,4684299,0.0
ADA-002_FULL,4684299,4684202,0.20379491598637234
ADA-002_FULL,4684299,4684201,0.24200017049910408
ADA-002_FULL,4684299,4689301,0.2785293848315301
ADA-002_FULL,4684299,4689399,0.28142246792494924
ADA-002_FULL,4684299,4637199,0.2883952769163687
ADA-002_FULL,4684299,4693100,0.2978289758795133
ADA-002_FULL,4685100,4685100,0.0
ADA-002_FULL,4685100,4689301,0.2740239295520504
ADA-002_FULL,4685100,4687703,0.27429701837578796
ADA-002_FULL,4685100,4687702,0.2889938101214098
ADA-002_FULL,4685100,4693100,0.28931081265777575
ADA-002_FULL,4685100,4679699,0.2922321720301287
ADA-002_FULL,4685100,4679604,0.29255525615162514
ADA-002_FULL,4685100,4674500,0.2937648497657069
ADA-002_FULL,4685100,4672900,0.29376537093431243
ADA-002_FULL,4685100,4673700,0.29960931402388113
ADA-002_FULL,4686901,4686901,0.0
ADA-002_FULL,4686901,4686902,0.16670405292452628
ADA-002_FULL,4686901,4687701,0.20687640217519723
ADA-002_FULL,4686901,4647801,0.2514290168479577
ADA-002_FULL,4686901,4687702,0.29178535542526124
ADA-002_FULL,4686902,4686902,0.0
ADA-002_FULL,4686902,4686901,0.16670405292452628
ADA-002_FULL,4686902,4687701,0.2462037187625569
ADA-002_FULL,4686902,4647801,0.2643523227435433
ADA-002_FULL,4686902,4687702,0.2916873425250004
ADA-002_FULL,4687701,4687701,0.0
ADA-002_FULL,4687701,4687702,0.19035398759090796
ADA-002_FULL,4687701,4686901,0.20687640217519723
ADA-002_FULL,4687701,4686902,0.2462037187625569
ADA-002_FULL,4687701,4687703,0.24821510514370168
ADA-002_FULL,4687701,4647801,0.2622055210748098
ADA-002_FULL,4687702,4687702,0.0
ADA-002_FULL,4687702,4687703,0.17123583861847066
ADA-002_FULL,4687702,4687701,0.19035398759090796
ADA-002_FULL,4687702,4685100,0.2889938101214098
ADA-002_FULL,4687702,4686902,0.2916873425250004
ADA-002_FULL,4687702,4686901,0.29178535542526124
ADA-002_FULL,4687703,4687703,0.0
ADA-002_FULL,4687703,4687702,0.17123583861847066
ADA-002_FULL,4687703,4687701,0.24821510514370168
ADA-002_FULL,4687703,4685100,0.27429701837578796
ADA-002_FULL,4689301,4689301,0.0
ADA-002_FULL,4689301,4689399,0.25637482544517926
ADA-002_FULL,4689301,4685100,0.2740239295520504
ADA-002_FULL,4689301,4684299,0.2785293848315301
ADA-002_FULL,4689301,4681804,0.2822758507726452
ADA-002_FULL,4689301,4693100,0.29388439410625616
ADA-002_FULL,4689302,4689302,0.0
ADA-002_FULL,4689302,4689399,0.28373329543429526
ADA-002_FULL,4689302,4641901,0.2949246112214919
ADA-002_FULL,4689399,4689399,0.0
ADA-002_FULL,4689399,4637199,0.23862644744267528
ADA-002_FULL,4689399,4689301,0.25637482544517926
ADA-002_FULL,4689399,4693100,0.2623580365880893
ADA-002_FULL,4689399,4649499,0.2673570996917238
ADA-002_FULL,4689399,4692300,0.2775775266124607
ADA-002_FULL,4689399,4684299,0.28142246792494924
ADA-002_FULL,4689399,4618499,0.28242165804414626
ADA-002_FULL,4689399,4689302,0.28373329543429526
ADA-002_FULL,4689399,4637105,0.2840461260687073
ADA-002_FULL,4689399,4789099,0.28723374332095564
ADA-002_FULL,4689399,4623199,0.2981810372270343
ADA-002_FULL,4689399,4691500,0.2987051247855056
ADA-002_FULL,4691500,4691500,0.0
ADA-002_FULL,4691500,4693100,0.17524600882043695
ADA-002_FULL,4691500,4692300,0.18726247025251785
ADA-002_FULL,4691500,4639701,0.19424980246002568
ADA-002_FULL,4691500,4637105,0.22580624852291165
ADA-002_FULL,4691500,4637199,0.244409352265602
ADA-002_FULL,4691500,4639702,0.25455002309326835
ADA-002_FULL,4691500,4711302,0.25597272272063
ADA-002_FULL,4691500,4711301,0.26015390444606296
ADA-002_FULL,4691500,4712100,0.2711750746148779
ADA-002_FULL,4691500,4623109,0.29010469166566394
ADA-002_FULL,4691500,4637102,0.2923690334853868
ADA-002_FULL,4691500,4623199,0.29456248836515503
ADA-002_FULL,4691500,4637103,0.29782676534626823
ADA-002_FULL,4691500,4689399,0.2987051247855056
ADA-002_FULL,4692300,4692300,0.0
ADA-002_FULL,4692300,4693100,0.14707786782052637
ADA-002_FULL,4692300,4691500,0.18726247025251785
ADA-002_FULL,4692300,4623199,0.25804268702957567
ADA-002_FULL,4692300,4639701,0.267254332971616
ADA-002_FULL,4692300,4637105,0.27375418747192565
ADA-002_FULL,4692300,4689399,0.2775775266124607
ADA-002_FULL,4692300,4623108,0.2824479249969406
ADA-002_FULL,4692300,4637199,0.2831620019415527
ADA-002_FULL,4692300,4623103,0.2836010709338149
ADA-002_FULL,4692300,4642701,0.2885072183959228
ADA-002_FULL,4692300,4661300,0.2886480705896676
ADA-002_FULL,4692300,4649499,0.2921237297110102
ADA-002_FULL,4692300,4623109,0.2953350389497403
ADA-002_FULL,4692300,4622200,0.29654023192681384
ADA-002_FULL,4692300,4641901,0.29741560143162016
ADA-002_FULL,4692300,4623101,0.2983704495493399
ADA-002_FULL,4693100,4693100,0.0
ADA-002_FULL,4693100,4692300,0.14707786782052637
ADA-002_FULL,4693100,4691500,0.17524600882043695
ADA-002_FULL,4693100,4639701,0.2346852822937387
ADA-002_FULL,4693100,4637105,0.23921566843051625
ADA-002_FULL,4693100,4637199,0.24027588117900361
ADA-002_FULL,4693100,4623199,0.2479650089266224
ADA-002_FULL,4693100,4689399,0.2623580365880893
ADA-002_FULL,4693100,4649499,0.26687147132321803
ADA-002_FULL,4693100,4642701,0.2686363077033604
ADA-002_FULL,4693100,4623109,0.28298681712664897
ADA-002_FULL,4693100,4679699,0.28501841500233527
ADA-002_FULL,4693100,4623108,0.2860429391701108
ADA-002_FULL,4693100,4623103,0.28912374677306335
ADA-002_FULL,4693100,4685100,0.28931081265777575
ADA-002_FULL,4693100,4637102,0.28977274131645747
ADA-002_FULL,4693100,4641901,0.2905791111945594
ADA-002_FULL,4693100,4639702,0.29116716207413684
ADA-002_FULL,4693100,4619200,0.291278876251519
ADA-002_FULL,4693100,4679604,0.29133287732216695
ADA-002_FULL,4693100,4637103,0.2915288517605871
ADA-002_FULL,4693100,4623101,0.2922209484000032
ADA-002_FULL,4693100,4689301,0.29388439410625616
ADA-002_FULL,4693100,4647801,0.29412827747235026
ADA-002_FULL,4693100,4635499,0.295235501475118
ADA-002_FULL,4693100,4661300,0.2968904212295838
ADA-002_FULL,4693100,4643501,0.2975525645380135
ADA-002_FULL,4693100,4623105,0.29757479144419613
ADA-002_FULL,4693100,4684299,0.2978289758795133
ADA-002_FULL,4693100,4711302,0.298420098957841
ADA-002_FULL,4711301,4711301,0.0
ADA-002_FULL,4711301,4711302,0.0936442161057139
ADA-002_FULL,4711301,4712100,0.2331959549136017
ADA-002_FULL,4711301,4691500,0.26015390444606296
ADA-002_FULL,4711301,4729602,0.28051409443187836
ADA-002_FULL,4711301,4724500,0.28804449897381207
ADA-002_FULL,4711302,4711302,0.0
ADA-002_FULL,4711302,4711301,0.0936442161057139
ADA-002_FULL,4711302,4712100,0.2255546505747965
ADA-002_FULL,4711302,4691500,0.25597272272063
ADA-002_FULL,4711302,4729602,0.257505620343983
ADA-002_FULL,4711302,4724500,0.2876316622544813
ADA-002_FULL,4711302,4729699,0.29540231563956204
ADA-002_FULL,4711302,4713002,0.29829677074654626
ADA-002_FULL,4711302,4693100,0.298420098957841
ADA-002_FULL,4712100,4712100,0.0
ADA-002_FULL,4712100,4711302,0.2255546505747965
ADA-002_FULL,4712100,4711301,0.2331959549136017
ADA-002_FULL,4712100,4691500,0.2711750746148779
ADA-002_FULL,4713002,4713002,0.0
ADA-002_FULL,4713002,4713004,0.210839076604256
ADA-002_FULL,4713002,4729602,0.2940952133058362
ADA-002_FULL,4713002,4711302,0.29829677074654626
ADA-002_FULL,4713004,4713004,0.0
ADA-002_FULL,4713004,4713002,0.210839076604256
ADA-002_FULL,4713004,4713005,0.28084725224014156
ADA-002_FULL,4713005,4713005,0.0
ADA-002_FULL,4713005,4713004,0.28084725224014156
ADA-002_FULL,4721102,4721102,0.0
ADA-002_FULL,4721102,4721104,0.2866084137265848
ADA-002_FULL,4721102,4721103,0.28763907563380375
ADA-002_FULL,4721103,4721103,0.0
ADA-002_FULL,4721103,4721104,0.2591101097743349
ADA-002_FULL,4721103,4721102,0.28763907563380375
ADA-002_FULL,4721104,4721104,0.0
ADA-002_FULL,4721104,4721103,0.2591101097743349
ADA-002_FULL,4721104,4637107,0.26592846932958525
ADA-002_FULL,4721104,4721102,0.2866084137265848
ADA-002_FULL,4722901,4722901,0.0
ADA-002_FULL,4722901,4722902,0.20202373953793806
ADA-002_FULL,4722901,4634699,0.2780709621744082
ADA-002_FULL,4722901,4634601,0.28194284699940036
ADA-002_FULL,4722901,4724500,0.2998409617538653
ADA-002_FULL,4722902,4722902,0.0
ADA-002_FULL,4722902,4722901,0.20202373953793806
ADA-002_FULL,4722902,4634603,0.2872795453716518
ADA-002_FULL,4723700,4723700,0.0
ADA-002_FULL,4723700,4724500,0.27699354989646513
ADA-002_FULL,4723700,4729602,0.28329851232972586
ADA-002_FULL,4723700,4635499,0.28477181697095705
ADA-002_FULL,4724500,4724500,0.0
ADA-002_FULL,4724500,4633801,0.27163959786711545
ADA-002_FULL,4724500,4723700,0.27699354989646513
ADA-002_FULL,4724500,4711302,0.2876316622544813
ADA-002_FULL,4724500,4711301,0.28804449897381207
ADA-002_FULL,4724500,4729602,0.2929134440512613
ADA-002_FULL,4724500,4722901,0.2998409617538653
ADA-002_FULL,4729601,4729601,0.0
ADA-002_FULL,4729601,4729699,0.24669954957202392
ADA-002_FULL,4729601,4729602,0.2575537379887647
ADA-002_FULL,4729602,4729602,0.0
ADA-002_FULL,4729602,4729699,0.15897692110329603
ADA-002_FULL,4729602,4711302,0.257505620343983
ADA-002_FULL,4729602,4729601,0.2575537379887647
ADA-002_FULL,4729602,4639701,0.2745415365026009
ADA-002_FULL,4729602,4637199,0.27983679401546474
ADA-002_FULL,4729602,4711301,0.28051409443187836
ADA-002_FULL,4729602,4723700,0.28329851232972586
ADA-002_FULL,4729602,4637105,0.2879741240922295
ADA-002_FULL,4729602,4724500,0.2929134440512613
ADA-002_FULL,4729602,4713002,0.2940952133058362
ADA-002_FULL,4729699,4729699,0.0
ADA-002_FULL,4729699,4729602,0.15897692110329603
ADA-002_FULL,4729699,4729601,0.24669954957202392
ADA-002_FULL,4729699,4637199,0.24995565785345217
ADA-002_FULL,4729699,4639701,0.27451106895048816
ADA-002_FULL,4729699,4637105,0.28557987630882653
ADA-002_FULL,4729699,4711302,0.29540231563956204
ADA-002_FULL,4731800,4731800,0.0
ADA-002_FULL,4731800,4732600,0.24156136644877027
ADA-002_FULL,4731800,4681803,0.29492620066075437
ADA-002_FULL,4731800,4681804,0.29739233576683033
ADA-002_FULL,4732600,4732600,0.0
ADA-002_FULL,4732600,4731800,0.24156136644877027
ADA-002_FULL,4732600,4681805,0.26321290765234173
ADA-002_FULL,4741500,4741500,0.0
ADA-002_FULL,4741500,4679601,0.2704940388603442
ADA-002_FULL,4741500,4744002,0.2992892552862288
ADA-002_FULL,4742300,4742300,0.0
ADA-002_FULL,4742300,4673700,0.24188018554866048
ADA-002_FULL,4742300,4744099,0.29484335137987583
ADA-002_FULL,4742300,3513100,0.2988100338023078
ADA-002_FULL,4743100,4743100,0.0
ADA-002_FULL,4743100,4679603,0.278050897075989
ADA-002_FULL,4744001,4744001,0.0
ADA-002_FULL,4744001,4744002,0.1669488921555492
ADA-002_FULL,4744001,4744099,0.18265576789581825
ADA-002_FULL,4744001,4744005,0.19487436010138232
ADA-002_FULL,4744001,4672900,0.22311847904175613
ADA-002_FULL,4744001,4744003,0.23133304557475173
ADA-002_FULL,4744001,4744006,0.25607849565846413
ADA-002_FULL,4744001,4671100,0.28506324107721515
ADA-002_FULL,4744002,4744002,0.0
ADA-002_FULL,4744002,4744001,0.1669488921555492
ADA-002_FULL,4744002,4744099,0.17733005187288609
ADA-002_FULL,4744002,4744005,0.18467899469737828
ADA-002_FULL,4744002,4744006,0.243982793998637
ADA-002_FULL,4744002,4744003,0.24399082428950258
ADA-002_FULL,4744002,4671100,0.25125633499333183
ADA-002_FULL,4744002,4672900,0.2984691876330361
ADA-002_FULL,4744002,4741500,0.2992892552862288
ADA-002_FULL,4744003,4744003,0.0
ADA-002_FULL,4744003,4744001,0.23133304557475173
ADA-002_FULL,4744003,4744002,0.24399082428950258
ADA-002_FULL,4744003,4744099,0.24429448204198212
ADA-002_FULL,4744003,4744005,0.25404343881655106
ADA-002_FULL,4744003,4744006,0.29461616039392174
ADA-002_FULL,4744004,4744004,0.0
ADA-002_FULL,4744004,4744006,0.24555887679444535
ADA-002_FULL,4744004,4744099,0.29440666938975063
ADA-002_FULL,4744005,4744005,0.0
ADA-002_FULL,4744005,4744099,0.16443114654730193
ADA-002_FULL,4744005,4744002,0.18467899469737828
ADA-002_FULL,4744005,4744001,0.19487436010138232
ADA-002_FULL,4744005,4679604,0.2508303996545608
ADA-002_FULL,4744005,4744006,0.2530492680045177
ADA-002_FULL,4744005,4744003,0.25404343881655106
ADA-002_FULL,4744005,4679699,0.268482228597847
ADA-002_FULL,4744005,4671100,0.291041426807812
ADA-002_FULL,4744006,4744006,0.0
ADA-002_FULL,4744006,4744002,0.243982793998637
ADA-002_FULL,4744006,4744099,0.24398597303982336
ADA-002_FULL,4744006,4744004,0.24555887679444535
ADA-002_FULL,4744006,4744005,0.2530492680045177
ADA-002_FULL,4744006,4744001,0.25607849565846413
ADA-002_FULL,4744006,4744003,0.29461616039392174
ADA-002_FULL,4744099,4744099,0.0
ADA-002_FULL,4744099,4744005,0.16443114654730193
ADA-002_FULL,4744099,4744002,0.17733005187288609
ADA-002_FULL,4744099,4744001,0.18265576789581825
ADA-002_FULL,4744099,4744006,0.24398597303982336
ADA-002_FULL,4744099,4744003,0.24429448204198212
ADA-002_FULL,4744099,4679699,0.2593910268108215
ADA-002_FULL,4744099,4679604,0.2910695950007363
ADA-002_FULL,4744099,4671100,0.2931392788781586
ADA-002_FULL,4744099,4744004,0.29440666938975063
ADA-002_FULL,4744099,4742300,0.29484335137987583
ADA-002_FULL,4751201,4751201,0.0
ADA-002_FULL,4751201,4752100,0.2055879284644243
ADA-002_FULL,4751201,4651601,0.23593522071192607
ADA-002_FULL,4751201,4757100,0.2362973186145427
ADA-002_FULL,4751201,4651602,0.24965921530383006
ADA-002_FULL,4751201,4753900,0.26503594653519646
ADA-002_FULL,4751201,4756300,0.27811131058767263
ADA-002_FULL,4751201,4754701,0.2964282471662521
ADA-002_FULL,4751201,4789007,0.29799469680524476
ADA-002_FULL,4751202,4751202,0.0
ADA-002_FULL,4752100,4752100,0.0
ADA-002_FULL,4752100,4751201,0.2055879284644243
ADA-002_FULL,4752100,4757100,0.22743715522941596
ADA-002_FULL,4752100,4753900,0.25805890821860517
ADA-002_FULL,4752100,4652400,0.2643123237134724
ADA-002_FULL,4752100,4756300,0.28504835338584267
ADA-002_FULL,4753900,4753900,0.0
ADA-002_FULL,4753900,4757100,0.22763168790590846
ADA-002_FULL,4753900,4752100,0.25805890821860517
ADA-002_FULL,4753900,4751201,0.26503594653519646
ADA-002_FULL,4753900,4759899,0.2911438307645636
ADA-002_FULL,4754701,4754701,0.0
ADA-002_FULL,4754701,4754702,0.14028077936652983
ADA-002_FULL,4754701,4754703,0.17459041908819112
ADA-002_FULL,4754701,4755502,0.25105520777700413
ADA-002_FULL,4754701,4755503,0.2690414465537528
ADA-002_FULL,4754701,4755501,0.278335486066246
ADA-002_FULL,4754701,4649404,0.2830541940614955
ADA-002_FULL,4754701,4757100,0.28718602434435403
ADA-002_FULL,4754701,4751201,0.2964282471662521
ADA-002_FULL,4754701,4759899,0.29806246847484547
ADA-002_FULL,4754702,4754702,0.0
ADA-002_FULL,4754702,4754701,0.14028077936652983
ADA-002_FULL,4754702,4754703,0.18600277282356037
ADA-002_FULL,4754702,4755502,0.22701404683116666
ADA-002_FULL,4754702,4755503,0.24429508273382392
ADA-002_FULL,4754702,4755501,0.2598750348779028
ADA-002_FULL,4754702,4649404,0.2869607438425724
ADA-002_FULL,4754702,4759801,0.288908981281272
ADA-002_FULL,4754703,4754703,0.0
ADA-002_FULL,4754703,4754701,0.17459041908819112
ADA-002_FULL,4754703,4754702,0.18600277282356037
ADA-002_FULL,4754703,4649406,0.29420691362699436
ADA-002_FULL,4755501,4755501,0.0
ADA-002_FULL,4755501,4755503,0.1655059447669283
ADA-002_FULL,4755501,4755502,0.17245607230779902
ADA-002_FULL,4755501,4759801,0.2534569699703176
ADA-002_FULL,4755501,4754702,0.2598750348779028
ADA-002_FULL,4755501,4754701,0.278335486066246
ADA-002_FULL,4755501,4641901,0.28073487972259126
ADA-002_FULL,4755501,4641902,0.2815117597365202
ADA-002_FULL,4755502,4755502,0.0
ADA-002_FULL,4755502,4755503,0.16103804534198635
ADA-002_FULL,4755502,4755501,0.17245607230779902
ADA-002_FULL,4755502,4754702,0.22701404683116666
ADA-002_FULL,4755502,4754701,0.25105520777700413
ADA-002_FULL,4755502,4759801,0.27181087837518425
ADA-002_FULL,4755502,4641902,0.27774661371945486
ADA-002_FULL,4755502,4641903,0.2804339244247495
ADA-002_FULL,4755503,4755503,0.0
ADA-002_FULL,4755503,4755502,0.16103804534198635
ADA-002_FULL,4755503,4755501,0.1655059447669283
ADA-002_FULL,4755503,4754702,0.24429508273382392
ADA-002_FULL,4755503,4641902,0.26190716096680966
ADA-002_FULL,4755503,4754701,0.2690414465537528
ADA-002_FULL,4755503,4759801,0.28494253176110057
ADA-002_FULL,4756300,4756300,0.0
ADA-002_FULL,4756300,4757100,0.2727678591223689
ADA-002_FULL,4756300,4751201,0.27811131058767263
ADA-002_FULL,4756300,4752100,0.28504835338584267
ADA-002_FULL,4757100,4757100,0.0
ADA-002_FULL,4757100,4752100,0.22743715522941596
ADA-002_FULL,4757100,4753900,0.22763168790590846
ADA-002_FULL,4757100,4751201,0.2362973186145427
ADA-002_FULL,4757100,4759899,0.2558750158345452
ADA-002_FULL,4757100,4649402,0.27050745628445877
ADA-002_FULL,4757100,4756300,0.2727678591223689
ADA-002_FULL,4757100,4652400,0.286139089442052
ADA-002_FULL,4757100,4754701,0.28718602434435403
ADA-002_FULL,4759801,4759801,0.0
ADA-002_FULL,4759801,4649405,0.20992450212331876
ADA-002_FULL,4759801,4755501,0.2534569699703176
ADA-002_FULL,4759801,4759899,0.26381783569469397
ADA-002_FULL,4759801,4755502,0.27181087837518425
ADA-002_FULL,4759801,4755503,0.28494253176110057
ADA-002_FULL,4759801,4754702,0.288908981281272
ADA-002_FULL,4759899,4759899,0.0
ADA-002_FULL,4759899,4649499,0.24370853287066527
ADA-002_FULL,4759899,4785799,0.25013189594090435
ADA-002_FULL,4759899,4789099,0.25191054996413276
ADA-002_FULL,4759899,4757100,0.2558750158345452
ADA-002_FULL,4759899,4759801,0.26381783569469397
ADA-002_FULL,4759899,4789007,0.27118186909682596
ADA-002_FULL,4759899,4789003,0.2807865699646581
ADA-002_FULL,4759899,4649402,0.28314476923083554
ADA-002_FULL,4759899,4789001,0.2883414559522965
ADA-002_FULL,4759899,4753900,0.2911438307645636
ADA-002_FULL,4759899,4649401,0.2929982623772478
ADA-002_FULL,4759899,4781400,0.29727788936981137
ADA-002_FULL,4759899,4754701,0.29806246847484547
ADA-002_FULL,4761001,4761001,0.0
ADA-002_FULL,4761001,4761003,0.1401048292131645
ADA-002_FULL,4761001,4761002,0.14949452992105106
ADA-002_FULL,4761001,4647802,0.2516766934680844
ADA-002_FULL,4761001,4763602,0.2850922052644944
ADA-002_FULL,4761001,4647801,0.2885623426517731
ADA-002_FULL,4761001,4762800,0.2953356554874287
ADA-002_FULL,4761001,4763601,0.29710709105507005
ADA-002_FULL,4761002,4761002,0.0
ADA-002_FULL,4761002,4761001,0.14949452992105106
ADA-002_FULL,4761002,4761003,0.1564523067879388
ADA-002_FULL,4761002,4647802,0.2586922056432148
ADA-002_FULL,4761002,4763602,0.2943427433650327
ADA-002_FULL,4761002,4647801,0.29821906176215257
ADA-002_FULL,4761003,4761003,0.0
ADA-002_FULL,4761003,4761001,0.1401048292131645
ADA-002_FULL,4761003,4761002,0.1564523067879388
ADA-002_FULL,4761003,4647801,0.25722372561441775
ADA-002_FULL,4761003,4647802,0.25977380357126123
ADA-002_FULL,4762800,4762800,0.0
ADA-002_FULL,4762800,4649407,0.2760219696423992
ADA-002_FULL,4762800,4761001,0.2953356554874287
ADA-002_FULL,4763601,4763601,0.0
ADA-002_FULL,4763601,4763602,0.19978525321738672
ADA-002_FULL,4763601,4763604,0.2525527706278422
ADA-002_FULL,4763601,4763605,0.2675807285611381
ADA-002_FULL,4763601,4761001,0.29710709105507005
ADA-002_FULL,4763601,4763603,0.29780907428816805
ADA-002_FULL,4763602,4763602,0.0
ADA-002_FULL,4763602,4763601,0.19978525321738672
ADA-002_FULL,4763602,4763604,0.22950774069817792
ADA-002_FULL,4763602,4763605,0.2768616495500015
ADA-002_FULL,4763602,4761001,0.2850922052644944
ADA-002_FULL,4763602,4763603,0.29278936131920613
ADA-002_FULL,4763602,4761002,0.2943427433650327
ADA-002_FULL,4763603,4763603,0.0
ADA-002_FULL,4763603,4649403,0.24734629039296085
ADA-002_FULL,4763603,4763602,0.29278936131920613
ADA-002_FULL,4763603,4763601,0.29780907428816805
ADA-002_FULL,4763604,4763604,0.0
ADA-002_FULL,4763604,4763602,0.22950774069817792
ADA-002_FULL,4763604,4763605,0.2501041483957569
ADA-002_FULL,4763604,4763601,0.2525527706278422
ADA-002_FULL,4763605,4763605,0.0
ADA-002_FULL,4763605,4763604,0.2501041483957569
ADA-002_FULL,4763605,4763601,0.2675807285611381
ADA-002_FULL,4763605,4763602,0.2768616495500015
ADA-002_FULL,4771701,4771701,0.0
ADA-002_FULL,4771701,4771702,0.11972240084398789
ADA-002_FULL,4771701,4771704,0.1762229867368008
ADA-002_FULL,4771701,4771703,0.19759585392432985
ADA-002_FULL,4771701,4772500,0.28089728280496146
ADA-002_FULL,4771701,4773300,0.2814627506943749
ADA-002_FULL,4771701,4644302,0.29383969069774
ADA-002_FULL,4771701,4644301,0.29497710819317696
ADA-002_FULL,4771702,4771702,0.0
ADA-002_FULL,4771702,4771701,0.11972240084398789
ADA-002_FULL,4771702,4771704,0.19498017840037785
ADA-002_FULL,4771702,4771703,0.21275326266211697
ADA-002_FULL,4771702,4772500,0.29140600470143113
ADA-002_FULL,4771702,4773300,0.29505784601075213
ADA-002_FULL,4771703,4771703,0.0
ADA-002_FULL,4771703,4771701,0.19759585392432985
ADA-002_FULL,4771703,4771702,0.21275326266211697
ADA-002_FULL,4771703,4771704,0.21519724089560352
ADA-002_FULL,4771703,4773300,0.28305273857303664
ADA-002_FULL,4771703,4772500,0.2940767647732671
ADA-002_FULL,4771704,4771704,0.0
ADA-002_FULL,4771704,4771701,0.1762229867368008
ADA-002_FULL,4771704,4771702,0.19498017840037785
ADA-002_FULL,4771704,4771703,0.21519724089560352
ADA-002_FULL,4771704,4644302,0.2540257611651409
ADA-002_FULL,4771704,4773300,0.28007581617638433
ADA-002_FULL,4771704,4644301,0.28625380876884865
ADA-002_FULL,4772500,4772500,0.0
ADA-002_FULL,4772500,4646001,0.23519051112373077
ADA-002_FULL,4772500,4646002,0.26298884506838954
ADA-002_FULL,4772500,4771701,0.28089728280496146
ADA-002_FULL,4772500,4771702,0.29140600470143113
ADA-002_FULL,4772500,4771703,0.2940767647732671
ADA-002_FULL,4772500,2063100,0.29438824037946854
ADA-002_FULL,4772500,4773300,0.29680397284241894
ADA-002_FULL,4773300,4773300,0.0
ADA-002_FULL,4773300,4774100,0.252833665619014
ADA-002_FULL,4773300,4771704,0.28007581617638433
ADA-002_FULL,4773300,4771701,0.2814627506943749
ADA-002_FULL,4773300,4771703,0.28305273857303664
ADA-002_FULL,4773300,4771702,0.29505784601075213
ADA-002_FULL,4773300,4645102,0.2963463176493636
ADA-002_FULL,4773300,4772500,0.29680397284241894
ADA-002_FULL,4774100,4774100,0.0
ADA-002_FULL,4774100,4773300,0.252833665619014
ADA-002_FULL,4781400,4781400,0.0
ADA-002_FULL,4781400,4789001,0.21732527530512427
ADA-002_FULL,4781400,4785799,0.2452406052099516
ADA-002_FULL,4781400,4642701,0.2540628920751006
ADA-002_FULL,4781400,4789003,0.2540645666238297
ADA-002_FULL,4781400,4789099,0.2573148117068887
ADA-002_FULL,4781400,4782201,0.260298035098092
ADA-002_FULL,4781400,4782202,0.26583907389787137
ADA-002_FULL,4781400,4783101,0.271461644597712
ADA-002_FULL,4781400,4642702,0.27449263230922255
ADA-002_FULL,4781400,4785701,0.28574338313531045
ADA-002_FULL,4781400,4789007,0.28925094538765395
ADA-002_FULL,4781400,4783102,0.2919423861232593
ADA-002_FULL,4781400,4759899,0.29727788936981137
ADA-002_FULL,4781400,4789008,0.2990815512324335
ADA-002_FULL,4782201,4782201,0.0
ADA-002_FULL,4782201,4782202,0.10649170782360085
ADA-002_FULL,4782201,4643501,0.241014602889027
ADA-002_FULL,4782201,4781400,0.260298035098092
ADA-002_FULL,4782201,4789001,0.28380840924413975
ADA-002_FULL,4782201,4785799,0.2902258889025827
ADA-002_FULL,4782201,4789099,0.2994760187958982
ADA-002_FULL,4782202,4782202,0.0
ADA-002_FULL,4782202,4782201,0.10649170782360085
ADA-002_FULL,4782202,4781400,0.26583907389787137
ADA-002_FULL,4782202,4643501,0.27163530238040906
ADA-002_FULL,4782202,4789001,0.28766477210613384
ADA-002_FULL,4782202,4785799,0.2887803171586911
ADA-002_FULL,4782202,4789003,0.2980136298044224
ADA-002_FULL,4782202,4643502,0.2988158043767272
ADA-002_FULL,4783101,4783101,0.0
ADA-002_FULL,4783101,4783102,0.12147570228510687
ADA-002_FULL,4783101,4789001,0.2167700455422365
ADA-002_FULL,4783101,4781400,0.271461644597712
ADA-002_FULL,4783101,4789003,0.2751114096719032
ADA-002_FULL,4783101,4649410,0.28862202892829875
ADA-002_FULL,4783101,4785701,0.2909711595034649
ADA-002_FULL,4783102,4783102,0.0
ADA-002_FULL,4783102,4783101,0.12147570228510687
ADA-002_FULL,4783102,4789001,0.24834298504403968
ADA-002_FULL,4783102,4789003,0.28859569378255207
ADA-002_FULL,4783102,4781400,0.2919423861232593
ADA-002_FULL,4783102,4785701,0.2984589462736574
ADA-002_FULL,4784900,4784900,0.0
ADA-002_FULL,4784900,4682600,0.21063610176683245
ADA-002_FULL,4785701,4785701,0.0
ADA-002_FULL,4785701,4785799,0.19590727920941817
ADA-002_FULL,4785701,4789003,0.24947476105776442
ADA-002_FULL,4785701,4789001,0.2734788069811609
ADA-002_FULL,4785701,4789099,0.2828693907498498
ADA-002_FULL,4785701,4781400,0.28574338313531045
ADA-002_FULL,4785701,4783101,0.2909711595034649
ADA-002_FULL,4785701,4783102,0.2984589462736574
ADA-002_FULL,4785799,4785799,0.0
ADA-002_FULL,4785799,4785701,0.19590727920941817
ADA-002_FULL,4785799,4789099,0.20128058689002676
ADA-002_FULL,4785799,4789003,0.22401981075890703
ADA-002_FULL,4785799,4781400,0.2452406052099516
ADA-002_FULL,4785799,4759899,0.25013189594090435
ADA-002_FULL,4785799,4789001,0.251617191827437
ADA-002_FULL,4785799,4789007,0.2564648210696293
ADA-002_FULL,4785799,4789008,0.2857763143457896
ADA-002_FULL,4785799,4782202,0.2887803171586911
ADA-002_FULL,4785799,4782201,0.2902258889025827
ADA-002_FULL,4785799,4789004,0.2986152711095545
ADA-002_FULL,4789001,4789001,0.0
ADA-002_FULL,4789001,4789003,0.2080542562554843
ADA-002_FULL,4789001,4783101,0.2167700455422365
ADA-002_FULL,4789001,4781400,0.21732527530512427
ADA-002_FULL,4789001,4789099,0.2243187673389163
ADA-002_FULL,4789001,4783102,0.24834298504403968
ADA-002_FULL,4789001,4785799,0.251617191827437
ADA-002_FULL,4789001,4785701,0.2734788069811609
ADA-002_FULL,4789001,4789007,0.27701682343180506
ADA-002_FULL,4789001,4782201,0.28380840924413975
ADA-002_FULL,4789001,4782202,0.28766477210613384
ADA-002_FULL,4789001,4759899,0.2883414559522965
ADA-002_FULL,4789001,4789008,0.2887363846603355
ADA-002_FULL,4789001,4789004,0.2970562690478508
ADA-002_FULL,4789001,4789005,0.2972841207186301
ADA-002_FULL,4789002,4789002,0.0
ADA-002_FULL,4789002,4789099,0.2892143961992923
ADA-002_FULL,4789003,4789003,0.0
ADA-002_FULL,4789003,4789099,0.19467797256227665
ADA-002_FULL,4789003,4789001,0.2080542562554843
ADA-002_FULL,4789003,4785799,0.22401981075890703
ADA-002_FULL,4789003,4785701,0.24947476105776442
ADA-002_FULL,4789003,4781400,0.2540645666238297
ADA-002_FULL,4789003,4789007,0.2560749911562554
ADA-002_FULL,4789003,4789008,0.25884325939370095
ADA-002_FULL,4789003,4783101,0.2751114096719032
ADA-002_FULL,4789003,4789004,0.28034302116428866
ADA-002_FULL,4789003,4759899,0.2807865699646581
ADA-002_FULL,4789003,4783102,0.28859569378255207
ADA-002_FULL,4789003,4789009,0.2925866131838736
ADA-002_FULL,4789003,4789005,0.29385201895303176
ADA-002_FULL,4789003,4782202,0.2980136298044224
ADA-002_FULL,4789004,4789004,0.0
ADA-002_FULL,4789004,4789099,0.2717939077081923
ADA-002_FULL,4789004,4623101,0.2765840445977247
ADA-002_FULL,4789004,4789003,0.28034302116428866
ADA-002_FULL,4789004,4623109,0.28797926546896496
ADA-002_FULL,4789004,4789001,0.2970562690478508
ADA-002_FULL,4789004,4785799,0.2986152711095545
ADA-002_FULL,4789005,4789005,0.0
ADA-002_FULL,4789005,4789099,0.26601273182086915
ADA-002_FULL,4789005,4789003,0.29385201895303176
ADA-002_FULL,4789005,4789001,0.2972841207186301
ADA-002_FULL,4789006,4789006,0.0
ADA-002_FULL,4789007,4789007,0.0
ADA-002_FULL,4789007,4789099,0.23813505755513417
ADA-002_FULL,4789007,4789003,0.2560749911562554
ADA-002_FULL,4789007,4785799,0.2564648210696293
ADA-002_FULL,4789007,4759899,0.27118186909682596
ADA-002_FULL,4789007,4789001,0.27701682343180506
ADA-002_FULL,4789007,4781400,0.28925094538765395
ADA-002_FULL,4789007,4789008,0.2948456442386515
ADA-002_FULL,4789007,4751201,0.29799469680524476
ADA-002_FULL,4789008,4789008,0.0
ADA-002_FULL,4789008,4789003,0.25884325939370095
ADA-002_FULL,4789008,4789099,0.2682830425409474
ADA-002_FULL,4789008,4785799,0.2857763143457896
ADA-002_FULL,4789008,4789001,0.2887363846603355
ADA-002_FULL,4789008,4789007,0.2948456442386515
ADA-002_FULL,4789008,4781400,0.2990815512324335
ADA-002_FULL,4789009,4789009,0.0
ADA-002_FULL,4789009,4789099,0.28401953686730763
ADA-002_FULL,4789009,4789003,0.2925866131838736
ADA-002_FULL,4789099,4789099,0.0
ADA-002_FULL,4789099,4789003,0.19467797256227665
ADA-002_FULL,4789099,4785799,0.20128058689002676
ADA-002_FULL,4789099,4789001,0.2243187673389163
ADA-002_FULL,4789099,4789007,0.23813505755513417
ADA-002_FULL,4789099,4759899,0.25191054996413276
ADA-002_FULL,4789099,4781400,0.2573148117068887
ADA-002_FULL,4789099,4789005,0.26601273182086915
ADA-002_FULL,4789099,4789008,0.2682830425409474
ADA-002_FULL,4789099,4789004,0.2717939077081923
ADA-002_FULL,4789099,4785701,0.2828693907498498
ADA-002_FULL,4789099,4789009,0.28401953686730763
ADA-002_FULL,4789099,4689399,0.28723374332095564
ADA-002_FULL,4789099,4789002,0.2892143961992923
ADA-002_FULL,4789099,4649499,0.293898797710033
ADA-002_FULL,4789099,4782201,0.2994760187958982
ADA-002_FULL,4911600,4911600,0.0
ADA-002_FULL,4911600,4912401,0.22303741734976212
ADA-002_FULL,4911600,4912403,0.2427430857801567
ADA-002_FULL,4911600,4912402,0.24976869028590507
ADA-002_FULL,4911600,4940000,0.2793502707097534
ADA-002_FULL,4911600,4930204,0.288685050633895
ADA-002_FULL,4911600,4924800,0.2931123243957719
ADA-002_FULL,4911600,4930201,0.2947394913326939
ADA-002_FULL,4911600,4930203,0.29833048772073745
ADA-002_FULL,4912401,4912401,0.0
ADA-002_FULL,4912401,4912402,0.1425643228961278
ADA-002_FULL,4912401,4912403,0.1746627048338454
ADA-002_FULL,4912401,4911600,0.22303741734976212
ADA-002_FULL,4912401,4921302,0.2776182919449379
ADA-002_FULL,4912401,4921301,0.2780380566569844
ADA-002_FULL,4912401,4922102,0.28527570091689525
ADA-002_FULL,4912401,4929902,0.28619040242818666
ADA-002_FULL,4912401,4922101,0.2865165420613961
ADA-002_FULL,4912401,4922103,0.2941487608786454
ADA-002_FULL,4912401,4929901,0.2970904777073157
ADA-002_FULL,4912402,4912402,0.0
ADA-002_FULL,4912402,4912401,0.1425643228961278
ADA-002_FULL,4912402,4912403,0.16334006370536078
ADA-002_FULL,4912402,4911600,0.24976869028590507
ADA-002_FULL,4912402,4921302,0.264596797596367
ADA-002_FULL,4912402,4921301,0.27765352990669934
ADA-002_FULL,4912403,4912403,0.0
ADA-002_FULL,4912403,4912402,0.16334006370536078
ADA-002_FULL,4912403,4912401,0.1746627048338454
ADA-002_FULL,4912403,4911600,0.2427430857801567
ADA-002_FULL,4912403,4921302,0.2988099870522365
ADA-002_FULL,4921301,4921301,0.0
ADA-002_FULL,4921301,4921302,0.08614356084522598
ADA-002_FULL,4921301,4922101,0.15902860067047495
ADA-002_FULL,4921301,4922103,0.17238580825267585
ADA-002_FULL,4921301,4922102,0.17890448269735493
ADA-002_FULL,4921301,4929901,0.22948346504171815
ADA-002_FULL,4921301,4929902,0.2440565923767987
ADA-002_FULL,4921301,4912402,0.27765352990669934
ADA-002_FULL,4921301,4912401,0.2780380566569844
ADA-002_FULL,4921302,4921302,0.0
ADA-002_FULL,4921302,4921301,0.08614356084522598
ADA-002_FULL,4921302,4922101,0.166342285329447
ADA-002_FULL,4921302,4922102,0.1742411688309192
ADA-002_FULL,4921302,4922103,0.17836668262975874
ADA-002_FULL,4921302,4929902,0.242335588733333
ADA-002_FULL,4921302,4929901,0.24692827911208667
ADA-002_FULL,4921302,4912402,0.264596797596367
ADA-002_FULL,4921302,4912401,0.2776182919449379
ADA-002_FULL,4921302,4912403,0.2988099870522365
ADA-002_FULL,4922101,4922101,0.0
ADA-002_FULL,4922101,4922102,0.1313054995443933
ADA-002_FULL,4922101,4922103,0.1393578923390946
ADA-002_FULL,4922101,4921301,0.15902860067047495
ADA-002_FULL,4922101,4921302,0.166342285329447
ADA-002_FULL,4922101,4929902,0.2332627366630306
ADA-002_FULL,4922101,4929901,0.2587522850654403
ADA-002_FULL,4922101,4930202,0.2653465819455974
ADA-002_FULL,4922101,4930201,0.27783836486954766
ADA-002_FULL,4922101,4929904,0.28119735910932864
ADA-002_FULL,4922101,4912401,0.2865165420613961
ADA-002_FULL,4922102,4922102,0.0
ADA-002_FULL,4922102,4922103,0.09897362915970483
ADA-002_FULL,4922102,4922101,0.1313054995443933
ADA-002_FULL,4922102,4921302,0.1742411688309192
ADA-002_FULL,4922102,4921301,0.17890448269735493
ADA-002_FULL,4922102,4929902,0.2222921119410455
ADA-002_FULL,4922102,4929901,0.27069735040842813
ADA-002_FULL,4922102,4930202,0.27766716088786164
ADA-002_FULL,4922102,4912401,0.28527570091689525
ADA-002_FULL,4922102,4929904,0.2910258610782638
ADA-002_FULL,4922103,4922103,0.0
ADA-002_FULL,4922103,4922102,0.09897362915970483
ADA-002_FULL,4922103,4922101,0.1393578923390946
ADA-002_FULL,4922103,4921301,0.17238580825267585
ADA-002_FULL,4922103,4921302,0.17836668262975874
ADA-002_FULL,4922103,4929902,0.2268535276987889
ADA-002_FULL,4922103,4929901,0.26864706702178026
ADA-002_FULL,4922103,4930202,0.2875817879774568
ADA-002_FULL,4922103,4929904,0.28954591420160647
ADA-002_FULL,4922103,4912401,0.2941487608786454
ADA-002_FULL,4923001,4923001,0.0
ADA-002_FULL,4923001,4923002,0.19540195551741732
ADA-002_FULL,4923002,4923002,0.0
ADA-002_FULL,4923002,4923001,0.19540195551741732
ADA-002_FULL,4923002,4924800,0.29850944605057234
ADA-002_FULL,4924800,4924800,0.0
ADA-002_FULL,4924800,4940000,0.24742605052295907
ADA-002_FULL,4924800,4930204,0.28495341462078694
ADA-002_FULL,4924800,4911600,0.2931123243957719
ADA-002_FULL,4924800,4929902,0.29615033815958597
ADA-002_FULL,4924800,4930201,0.29617634700301365
ADA-002_FULL,4924800,4930203,0.29692465419868147
ADA-002_FULL,4924800,4923002,0.29850944605057234
ADA-002_FULL,4929901,4929901,0.0
ADA-002_FULL,4929901,4929902,0.1275032017426189
ADA-002_FULL,4929901,4929999,0.20070929281260794
ADA-002_FULL,4929901,4921301,0.22948346504171815
ADA-002_FULL,4929901,4929903,0.2442929568915267
ADA-002_FULL,4929901,4921302,0.24692827911208667
ADA-002_FULL,4929901,4929904,0.2515845227609376
ADA-002_FULL,4929901,4922101,0.2587522850654403
ADA-002_FULL,4929901,4922103,0.26864706702178026
ADA-002_FULL,4929901,4922102,0.27069735040842813
ADA-002_FULL,4929901,4930201,0.28684499914094636
ADA-002_FULL,4929901,4912401,0.2970904777073157
ADA-002_FULL,4929902,4929902,0.0
ADA-002_FULL,4929902,4929901,0.1275032017426189
ADA-002_FULL,4929902,4929999,0.20771232269728565
ADA-002_FULL,4929902,4922102,0.2222921119410455
ADA-002_FULL,4929902,4922103,0.2268535276987889
ADA-002_FULL,4929902,4929904,0.22872399709014088
ADA-002_FULL,4929902,4922101,0.2332627366630306
ADA-002_FULL,4929902,4921302,0.242335588733333
ADA-002_FULL,4929902,4921301,0.2440565923767987
ADA-002_FULL,4929902,4929903,0.2577520034999697
ADA-002_FULL,4929902,4930202,0.26580493263127336
ADA-002_FULL,4929902,4912401,0.28619040242818666
ADA-002_FULL,4929902,4930201,0.28786966676857617
ADA-002_FULL,4929902,4924800,0.29615033815958597
ADA-002_FULL,4929903,4929903,0.0
ADA-002_FULL,4929903,4929904,0.1065170689884142
ADA-002_FULL,4929903,4929901,0.2442929568915267
ADA-002_FULL,4929903,4929902,0.2577520034999697
ADA-002_FULL,4929903,4929999,0.28077893481251803
ADA-002_FULL,4929904,4929904,0.0
ADA-002_FULL,4929904,4929903,0.1065170689884142
ADA-002_FULL,4929904,4929902,0.22872399709014088
ADA-002_FULL,4929904,4929901,0.2515845227609376
ADA-002_FULL,4929904,4929999,0.2792200329818168
ADA-002_FULL,4929904,4922101,0.28119735910932864
ADA-002_FULL,4929904,4922103,0.28954591420160647
ADA-002_FULL,4929904,4922102,0.2910258610782638
ADA-002_FULL,4929999,4929999,0.0
ADA-002_FULL,4929999,4929901,0.20070929281260794
ADA-002_FULL,4929999,4929902,0.20771232269728565
ADA-002_FULL,4929999,4929904,0.2792200329818168
ADA-002_FULL,4929999,4929903,0.28077893481251803
ADA-002_FULL,4930201,4930201,0.0
ADA-002_FULL,4930201,4930202,0.13162996754279205
ADA-002_FULL,4930201,4930203,0.1963125963011893
ADA-002_FULL,4930201,4930204,0.21339705632154432
ADA-002_FULL,4930201,4922101,0.27783836486954766
ADA-002_FULL,4930201,4929901,0.28684499914094636
ADA-002_FULL,4930201,4929902,0.28786966676857617
ADA-002_FULL,4930201,4940000,0.2911108599864657
ADA-002_FULL,4930201,4911600,0.2947394913326939
ADA-002_FULL,4930201,4924800,0.29617634700301365
ADA-002_FULL,4930202,4930202,0.0
ADA-002_FULL,4930202,4930201,0.13162996754279205
ADA-002_FULL,4930202,4930203,0.21275730323314238
ADA-002_FULL,4930202,4930204,0.22859100418267736
ADA-002_FULL,4930202,4922101,0.2653465819455974
ADA-002_FULL,4930202,4929902,0.26580493263127336
ADA-002_FULL,4930202,4922102,0.27766716088786164
ADA-002_FULL,4930202,4922103,0.2875817879774568
ADA-002_FULL,4930202,5021102,0.2971797482032731
ADA-002_FULL,4930203,4930203,0.0
ADA-002_FULL,4930203,4930201,0.1963125963011893
ADA-002_FULL,4930203,4930202,0.21275730323314238
ADA-002_FULL,4930203,4930204,0.2227153716684429
ADA-002_FULL,4930203,4940000,0.28569186712430905
ADA-002_FULL,4930203,4924800,0.29692465419868147
ADA-002_FULL,4930203,4911600,0.29833048772073745
ADA-002_FULL,4930204,4930204,0.0
ADA-002_FULL,4930204,4930201,0.21339705632154432
ADA-002_FULL,4930204,4930203,0.2227153716684429
ADA-002_FULL,4930204,4930202,0.22859100418267736
ADA-002_FULL,4930204,4940000,0.26062944067467875
ADA-002_FULL,4930204,4924800,0.28495341462078694
ADA-002_FULL,4930204,4911600,0.288685050633895
ADA-002_FULL,4940000,4940000,0.0
ADA-002_FULL,4940000,4924800,0.24742605052295907
ADA-002_FULL,4940000,4930204,0.26062944067467875
ADA-002_FULL,4940000,4911600,0.2793502707097534
ADA-002_FULL,4940000,4930203,0.28569186712430905
ADA-002_FULL,4940000,4930201,0.2911108599864657
ADA-002_FULL,4950700,4950700,0.0
ADA-002_FULL,5011401,5011401,0.0
ADA-002_FULL,5011401,5012201,0.14740579971085344
ADA-002_FULL,5011401,5011402,0.15430568551358478
ADA-002_FULL,5011401,5012202,0.2108825250503046
ADA-002_FULL,5011401,5091201,0.2697282675698039
ADA-002_FULL,5011401,5021102,0.27382375547835547
ADA-002_FULL,5011401,5021101,0.2741761630346791
ADA-002_FULL,5011401,5091202,0.27643361874709826
ADA-002_FULL,5011402,5011402,0.0
ADA-002_FULL,5011402,5012202,0.14318315918384567
ADA-002_FULL,5011402,5011401,0.15430568551358478
ADA-002_FULL,5011402,5012201,0.2047173399591077
ADA-002_FULL,5011402,5091202,0.26508822232471535
ADA-002_FULL,5011402,5091201,0.2722398605442062
ADA-002_FULL,5011402,5022002,0.27700544047289277
ADA-002_FULL,5011402,5021102,0.2866353193973701
ADA-002_FULL,5011402,5022001,0.2918026336740168
ADA-002_FULL,5011402,5021101,0.2978534005800874
ADA-002_FULL,5012201,5012201,0.0
ADA-002_FULL,5012201,5011401,0.14740579971085344
ADA-002_FULL,5012201,5012202,0.1487581082288865
ADA-002_FULL,5012201,5011402,0.2047173399591077
ADA-002_FULL,5012201,5021102,0.29096547637329223
ADA-002_FULL,5012201,5091201,0.2934650900016923
ADA-002_FULL,5012201,5091202,0.2954330791456707
ADA-002_FULL,5012201,5021101,0.29763408490081034
ADA-002_FULL,5012202,5012202,0.0
ADA-002_FULL,5012202,5011402,0.14318315918384567
ADA-002_FULL,5012202,5012201,0.1487581082288865
ADA-002_FULL,5012202,5011401,0.2108825250503046
ADA-002_FULL,5012202,5091202,0.28822543533954775
ADA-002_FULL,5012202,5022002,0.28956252725215126
ADA-002_FULL,5012202,5091201,0.2974679438653182
ADA-002_FULL,5021101,5021101,0.0
ADA-002_FULL,5021101,5021102,0.11518142609458325
ADA-002_FULL,5021101,5022001,0.17333104797523607
ADA-002_FULL,5021101,5022002,0.19677682322693635
ADA-002_FULL,5021101,5091201,0.2018748691033205
ADA-002_FULL,5021101,5091202,0.21053491205823868
ADA-002_FULL,5021101,5011401,0.2741761630346791
ADA-002_FULL,5021101,5012201,0.29763408490081034
ADA-002_FULL,5021101,5011402,0.2978534005800874
ADA-002_FULL,5021102,5021102,0.0
ADA-002_FULL,5021102,5021101,0.11518142609458325
ADA-002_FULL,5021102,5022002,0.16331051962583887
ADA-002_FULL,5021102,5091202,0.1735679567794181
ADA-002_FULL,5021102,5022001,0.19446303723619474
ADA-002_FULL,5021102,5091201,0.22112295681741093
ADA-002_FULL,5021102,5011401,0.27382375547835547
ADA-002_FULL,5021102,5011402,0.2866353193973701
ADA-002_FULL,5021102,5012201,0.29096547637329223
ADA-002_FULL,5021102,4930202,0.2971797482032731
ADA-002_FULL,5022001,5022001,0.0
ADA-002_FULL,5022001,5022002,0.10335519958689329
ADA-002_FULL,5022001,5021101,0.17333104797523607
ADA-002_FULL,5022001,5021102,0.19446303723619474
ADA-002_FULL,5022001,5091201,0.23956360080891081
ADA-002_FULL,5022001,5091202,0.24249580037604854
ADA-002_FULL,5022001,5011402,0.2918026336740168
ADA-002_FULL,5022002,5022002,0.0
ADA-002_FULL,5022002,5022001,0.10335519958689329
ADA-002_FULL,5022002,5021102,0.16331051962583887
ADA-002_FULL,5022002,5021101,0.19677682322693635
ADA-002_FULL,5022002,5091202,0.21047039462958128
ADA-002_FULL,5022002,5091201,0.2476144566749199
ADA-002_FULL,5022002,5011402,0.27700544047289277
ADA-002_FULL,5022002,5012202,0.28956252725215126
ADA-002_FULL,5030101,5030101,0.0
ADA-002_FULL,5030101,5030102,0.15754100721204337
ADA-002_FULL,5030101,5091201,0.2982063212044562
ADA-002_FULL,5030102,5030102,0.0
ADA-002_FULL,5030102,5030101,0.15754100721204337
ADA-002_FULL,5030103,5030103,0.0
ADA-002_FULL,5091201,5091201,0.0
ADA-002_FULL,5091201,5091202,0.12510152816833767
ADA-002_FULL,5091201,5021101,0.2018748691033205
ADA-002_FULL,5091201,5021102,0.22112295681741093
ADA-002_FULL,5091201,5022001,0.23956360080891081
ADA-002_FULL,5091201,5099801,0.24175516855509405
ADA-002_FULL,5091201,5022002,0.2476144566749199
ADA-002_FULL,5091201,5011401,0.2697282675698039
ADA-002_FULL,5091201,5011402,0.2722398605442062
ADA-002_FULL,5091201,5099899,0.285572087785977
ADA-002_FULL,5091201,5012201,0.2934650900016923
ADA-002_FULL,5091201,5012202,0.2974679438653182
ADA-002_FULL,5091201,5030101,0.2982063212044562
ADA-002_FULL,5091202,5091202,0.0
ADA-002_FULL,5091202,5091201,0.12510152816833767
ADA-002_FULL,5091202,5021102,0.1735679567794181
ADA-002_FULL,5091202,5022002,0.21047039462958128
ADA-002_FULL,5091202,5021101,0.21053491205823868
ADA-002_FULL,5091202,5022001,0.24249580037604854
ADA-002_FULL,5091202,5099801,0.2582962848195646
ADA-002_FULL,5091202,5011402,0.26508822232471535
ADA-002_FULL,5091202,5011401,0.27643361874709826
ADA-002_FULL,5091202,5012202,0.28822543533954775
ADA-002_FULL,5091202,5012201,0.2954330791456707
ADA-002_FULL,5091202,5099899,0.2988778095053391
ADA-002_FULL,5099801,5099801,0.0
ADA-002_FULL,5099801,5099899,0.17068861736150723
ADA-002_FULL,5099801,5091201,0.24175516855509405
ADA-002_FULL,5099801,5091202,0.2582962848195646
ADA-002_FULL,5099801,5239799,0.2693748556878601
ADA-002_FULL,5099899,5099899,0.0
ADA-002_FULL,5099899,5099801,0.17068861736150723
ADA-002_FULL,5099899,5239799,0.27398610170377874
ADA-002_FULL,5099899,5091201,0.285572087785977
ADA-002_FULL,5099899,5091202,0.2988778095053391
ADA-002_FULL,5111100,5111100,0.0
ADA-002_FULL,5111100,5120000,0.24863140516237076
ADA-002_FULL,5111100,5112901,0.2608064466692681
ADA-002_FULL,5111100,5112999,0.2723534157602093
ADA-002_FULL,5111100,5130700,0.29693828528713606
ADA-002_FULL,5112901,5112901,0.0
ADA-002_FULL,5112901,5112999,0.2440027784553513
ADA-002_FULL,5112901,5111100,0.2608064466692681
ADA-002_FULL,5112999,5112999,0.0
ADA-002_FULL,5112999,5112901,0.2440027784553513
ADA-002_FULL,5112999,5111100,0.2723534157602093
ADA-002_FULL,5120000,5120000,0.0
ADA-002_FULL,5120000,5111100,0.24863140516237076
ADA-002_FULL,5120000,5130700,0.26042618405972956
ADA-002_FULL,5130700,5130700,0.0
ADA-002_FULL,5130700,5120000,0.26042618405972956
ADA-002_FULL,5130700,5111100,0.29693828528713606
ADA-002_FULL,5211701,5211701,0.0
ADA-002_FULL,5211702,5211702,0.0
ADA-002_FULL,5211799,5211799,0.0
ADA-002_FULL,5212500,5212500,0.0
ADA-002_FULL,5221400,5221400,0.0
ADA-002_FULL,5222200,5222200,0.0
ADA-002_FULL,5223100,5223100,0.0
ADA-002_FULL,5229001,5229001,0.0
ADA-002_FULL,5229001,5229099,0.27363141763014315
ADA-002_FULL,5229002,5229002,0.0
ADA-002_FULL,5229002,5229099,0.299083466015874
ADA-002_FULL,5229099,5229099,0.0
ADA-002_FULL,5229099,5239799,0.2522109367235631
ADA-002_FULL,5229099,5240199,0.2704319692775052
ADA-002_FULL,5229099,5229001,0.27363141763014315
ADA-002_FULL,5229099,5229002,0.299083466015874
ADA-002_FULL,5231101,5231101,0.0
ADA-002_FULL,5231101,5231103,0.2182255410766341
ADA-002_FULL,5231101,5231102,0.23950071499750927
ADA-002_FULL,5231102,5231102,0.0
ADA-002_FULL,5231102,5231103,0.2215353986211484
ADA-002_FULL,5231102,5231101,0.23950071499750927
ADA-002_FULL,5231102,5232000,0.280773633075621
ADA-002_FULL,5231102,5240101,0.29868526302505705
ADA-002_FULL,5231103,5231103,0.0
ADA-002_FULL,5231103,5231101,0.2182255410766341
ADA-002_FULL,5231103,5231102,0.2215353986211484
ADA-002_FULL,5232000,5232000,0.0
ADA-002_FULL,5232000,5231102,0.280773633075621
ADA-002_FULL,5232000,5250803,0.281506739644864
ADA-002_FULL,5232000,5239799,0.2852275838955702
ADA-002_FULL,5232000,5239701,0.29186620499676247
ADA-002_FULL,5239701,5239701,0.0
ADA-002_FULL,5239701,5239799,0.2289404254503194
ADA-002_FULL,5239701,5232000,0.29186620499676247
ADA-002_FULL,5239799,5239799,0.0
ADA-002_FULL,5239799,5239701,0.2289404254503194
ADA-002_FULL,5239799,5229099,0.2522109367235631
ADA-002_FULL,5239799,5099801,0.2693748556878601
ADA-002_FULL,5239799,5099899,0.27398610170377874
ADA-002_FULL,5239799,5232000,0.2852275838955702
ADA-002_FULL,5239799,5240199,0.293965154907054
ADA-002_FULL,5240101,5240101,0.0
ADA-002_FULL,5240101,5240199,0.19684016055500278
ADA-002_FULL,5240101,5231102,0.29868526302505705
ADA-002_FULL,5240199,5240199,0.0
ADA-002_FULL,5240199,5240101,0.19684016055500278
ADA-002_FULL,5240199,5229099,0.2704319692775052
ADA-002_FULL,5240199,5239799,0.293965154907054
ADA-002_FULL,5250801,5250801,0.0
ADA-002_FULL,5250801,5250802,0.22396830093907183
ADA-002_FULL,5250801,5250803,0.26580133343093554
ADA-002_FULL,5250801,5250804,0.27986311383426343
ADA-002_FULL,5250802,5250802,0.0
ADA-002_FULL,5250802,5250801,0.22396830093907183
ADA-002_FULL,5250802,5250803,0.2535511528872602
ADA-002_FULL,5250802,5250804,0.2610879738366864
ADA-002_FULL,5250803,5250803,0.0
ADA-002_FULL,5250803,5250804,0.2534710289466534
ADA-002_FULL,5250803,5250802,0.2535511528872602
ADA-002_FULL,5250803,5250801,0.26580133343093554
ADA-002_FULL,5250803,5232000,0.281506739644864
ADA-002_FULL,5250804,5250804,0.0
ADA-002_FULL,5250804,5250803,0.2534710289466534
ADA-002_FULL,5250804,5250802,0.2610879738366864
ADA-002_FULL,5250804,5250801,0.27986311383426343
ADA-002_FULL,5250805,5250805,0.0
ADA-002_FULL,5310501,5310501,0.0
ADA-002_FULL,5310501,5310502,0.18364688791247247
ADA-002_FULL,5310502,5310502,0.0
ADA-002_FULL,5310502,5310501,0.18364688791247247
ADA-002_FULL,5320201,5320201,0.0
ADA-002_FULL,5320201,5320202,0.24733156165034612
ADA-002_FULL,5320202,5320202,0.0
ADA-002_FULL,5320202,5320201,0.24733156165034612
ADA-002_FULL,5510801,5510801,0.0
ADA-002_FULL,5510801,5510802,0.15755984437198886
ADA-002_FULL,5510801,5510803,0.21445013159845872
ADA-002_FULL,5510802,5510802,0.0
ADA-002_FULL,5510802,5510801,0.15755984437198886
ADA-002_FULL,5510802,5510803,0.23595377368851045
ADA-002_FULL,5510803,5510803,0.0
ADA-002_FULL,5510803,5510801,0.21445013159845872
ADA-002_FULL,5510803,5510802,0.23595377368851045
ADA-002_FULL,5590601,5590601,0.0
ADA-002_FULL,5590601,5590699,0.21115690718026298
ADA-002_FULL,5590601,5590602,0.22577857613822763
ADA-002_FULL,5590601,5590603,0.23186485568467938
ADA-002_FULL,5590602,5590602,0.0
ADA-002_FULL,5590602,5590601,0.22577857613822763
ADA-002_FULL,5590602,5590699,0.24102469409483906
ADA-002_FULL,5590602,5590603,0.2496695674884388
ADA-002_FULL,5590603,5590603,0.0
ADA-002_FULL,5590603,5590699,0.2230062624268718
ADA-002_FULL,5590603,5590601,0.23186485568467938
ADA-002_FULL,5590603,5590602,0.2496695674884388
ADA-002_FULL,5590699,5590699,0.0
ADA-002_FULL,5590699,5590601,0.21115690718026298
ADA-002_FULL,5590699,5590603,0.2230062624268718
ADA-002_FULL,5590699,5590602,0.24102469409483906
ADA-002_FULL,5611201,5611201,0.0
ADA-002_FULL,5611201,5611203,0.2592406925780848
ADA-002_FULL,5611201,5611205,0.267154143919815
ADA-002_FULL,5611201,5612100,0.2727133761183159
ADA-002_FULL,5611201,5611204,0.2759144209582079
ADA-002_FULL,5611203,5611203,0.0
ADA-002_FULL,5611203,5611201,0.2592406925780848
ADA-002_FULL,5611204,5611204,0.0
ADA-002_FULL,5611204,5611205,0.14078895938320557
ADA-002_FULL,5611204,5611201,0.2759144209582079
ADA-002_FULL,5611205,5611205,0.0
ADA-002_FULL,5611205,5611204,0.14078895938320557
ADA-002_FULL,5611205,5611201,0.267154143919815
ADA-002_FULL,5612100,5612100,0.0
ADA-002_FULL,5612100,5611201,0.2727133761183159
ADA-002_FULL,5620101,5620101,0.0
ADA-002_FULL,5620101,5620104,0.14945772880269628
ADA-002_FULL,5620101,5620102,0.2678723052090336
ADA-002_FULL,5620102,5620102,0.0
ADA-002_FULL,5620102,5620101,0.2678723052090336
ADA-002_FULL,5620102,5620104,0.2808195816271148
ADA-002_FULL,5620103,5620103,0.0
ADA-002_FULL,5620104,5620104,0.0
ADA-002_FULL,5620104,5620101,0.14945772880269628
ADA-002_FULL,5620104,5620102,0.2808195816271148
ADA-002_FULL,5811500,5811500,0.0
ADA-002_FULL,5811500,5813100,0.17730870112144345
ADA-002_FULL,5811500,5821200,0.19605610623731112
ADA-002_FULL,5811500,5812301,0.22565133929936984
ADA-002_FULL,5811500,5823900,0.24135175115007104
ADA-002_FULL,5811500,5812302,0.24434202607970745
ADA-002_FULL,5811500,5819100,0.26151065475035845
ADA-002_FULL,5811500,5822101,0.2620012439864139
ADA-002_FULL,5811500,5822102,0.2710047472098135
ADA-002_FULL,5811500,5829800,0.29235938379067816
ADA-002_FULL,5812301,5812301,0.0
ADA-002_FULL,5812301,5812302,0.1334935443446728
ADA-002_FULL,5812301,5822101,0.1829334455114981
ADA-002_FULL,5812301,5813100,0.20138998871636202
ADA-002_FULL,5812301,5822102,0.2142884442042406
ADA-002_FULL,5812301,5811500,0.22565133929936984
ADA-002_FULL,5812301,5823900,0.24866642915321152
ADA-002_FULL,5812301,5821200,0.25816197539175384
ADA-002_FULL,5812301,1811301,0.29198962007022544
ADA-002_FULL,5812302,5812302,0.0
ADA-002_FULL,5812302,5812301,0.1334935443446728
ADA-002_FULL,5812302,5822102,0.18990593989507337
ADA-002_FULL,5812302,5822101,0.22078474996015796
ADA-002_FULL,5812302,5813100,0.22501666225655292
ADA-002_FULL,5812302,5811500,0.24434202607970745
ADA-002_FULL,5812302,5823900,0.2691820225700878
ADA-002_FULL,5812302,5821200,0.2761013040325686
ADA-002_FULL,5813100,5813100,0.0
ADA-002_FULL,5813100,5811500,0.17730870112144345
ADA-002_FULL,5813100,5823900,0.18058871190767176
ADA-002_FULL,5813100,5812301,0.20138998871636202
ADA-002_FULL,5813100,5821200,0.2215978513002142
ADA-002_FULL,5813100,5812302,0.22501666225655292
ADA-002_FULL,5813100,5822101,0.23428271710892515
ADA-002_FULL,5813100,5822102,0.24404015379588923
ADA-002_FULL,5813100,5819100,0.27940290321749134
ADA-002_FULL,5813100,5829800,0.29679272450491034
ADA-002_FULL,5819100,5819100,0.0
ADA-002_FULL,5819100,5829800,0.18139109119811778
ADA-002_FULL,5819100,5811500,0.26151065475035845
ADA-002_FULL,5819100,5813100,0.27940290321749134
ADA-002_FULL,5819100,5821200,0.2918893255686766
ADA-002_FULL,5821200,5821200,0.0
ADA-002_FULL,5821200,5823900,0.13340584464310612
ADA-002_FULL,5821200,5822101,0.15945321074354038
ADA-002_FULL,5821200,5822102,0.1700816274368675
ADA-002_FULL,5821200,5811500,0.19605610623731112
ADA-002_FULL,5821200,5829800,0.21619326507055428
ADA-002_FULL,5821200,5813100,0.2215978513002142
ADA-002_FULL,5821200,5812301,0.25816197539175384
ADA-002_FULL,5821200,5812302,0.2761013040325686
ADA-002_FULL,5821200,5819100,0.2918893255686766
ADA-002_FULL,5822101,5822101,0.0
ADA-002_FULL,5822101,5822102,0.10920731056709163
ADA-002_FULL,5822101,5823900,0.1557870424144024
ADA-002_FULL,5822101,5821200,0.15945321074354038
ADA-002_FULL,5822101,5812301,0.1829334455114981
ADA-002_FULL,5822101,5812302,0.22078474996015796
ADA-002_FULL,5822101,5813100,0.23428271710892515
ADA-002_FULL,5822101,5829800,0.2460263414423923
ADA-002_FULL,5822101,5811500,0.2620012439864139
ADA-002_FULL,5822102,5822102,0.0
ADA-002_FULL,5822102,5822101,0.10920731056709163
ADA-002_FULL,5822102,5823900,0.16787122926940623
ADA-002_FULL,5822102,5821200,0.1700816274368675
ADA-002_FULL,5822102,5812302,0.18990593989507337
ADA-002_FULL,5822102,5812301,0.2142884442042406
ADA-002_FULL,5822102,5813100,0.24404015379588923
ADA-002_FULL,5822102,5829800,0.25869805832311665
ADA-002_FULL,5822102,5811500,0.2710047472098135
ADA-002_FULL,5823900,5823900,0.0
ADA-002_FULL,5823900,5821200,0.13340584464310612
ADA-002_FULL,5823900,5822101,0.1557870424144024
ADA-002_FULL,5823900,5822102,0.16787122926940623
ADA-002_FULL,5823900,5813100,0.18058871190767176
ADA-002_FULL,5823900,5829800,0.22434813207137444
ADA-002_FULL,5823900,5811500,0.24135175115007104
ADA-002_FULL,5823900,5812301,0.24866642915321152
ADA-002_FULL,5823900,5812302,0.2691820225700878
ADA-002_FULL,5829800,5829800,0.0
ADA-002_FULL,5829800,5819100,0.18139109119811778
ADA-002_FULL,5829800,5821200,0.21619326507055428
ADA-002_FULL,5829800,5823900,0.22434813207137444
ADA-002_FULL,5829800,5822101,0.2460263414423923
ADA-002_FULL,5829800,5822102,0.25869805832311665
ADA-002_FULL,5829800,5811500,0.29235938379067816
ADA-002_FULL,5829800,5813100,0.29679272450491034
ADA-002_FULL,5911101,5911101,0.0
ADA-002_FULL,5911101,5911102,0.17122263314600275
ADA-002_FULL,5911101,5911199,0.1889772997690721
ADA-002_FULL,5911101,5914600,0.20417939483938402
ADA-002_FULL,5911101,5912099,0.2130391867325297
ADA-002_FULL,5911101,5913800,0.23626811973830453
ADA-002_FULL,5911101,5912001,0.2517637992789086
ADA-002_FULL,5911101,5912002,0.26340437695717667
ADA-002_FULL,5911101,5920100,0.27941103682061635
ADA-002_FULL,5911102,5911102,0.0
ADA-002_FULL,5911102,5911101,0.17122263314600275
ADA-002_FULL,5911102,5911199,0.19967330230170058
ADA-002_FULL,5911102,5912099,0.22171846332884712
ADA-002_FULL,5911102,5914600,0.22648367741975017
ADA-002_FULL,5911102,5913800,0.24425884088837202
ADA-002_FULL,5911102,5912001,0.2610553984311668
ADA-002_FULL,5911102,5912002,0.26780248005799245
ADA-002_FULL,5911199,5911199,0.0
ADA-002_FULL,5911199,5912099,0.12989391740830428
ADA-002_FULL,5911199,5911101,0.1889772997690721
ADA-002_FULL,5911199,5911102,0.19967330230170058
ADA-002_FULL,5911199,5914600,0.2261139121094009
ADA-002_FULL,5911199,5913800,0.25563358769961286
ADA-002_FULL,5911199,5912001,0.27434941944026675
ADA-002_FULL,5911199,5912002,0.2783776868503705
ADA-002_FULL,5911199,5920100,0.2874470516880166
ADA-002_FULL,5912001,5912001,0.0
ADA-002_FULL,5912001,5912002,0.21527505267324978
ADA-002_FULL,5912001,5912099,0.24455695664500796
ADA-002_FULL,5912001,5911101,0.2517637992789086
ADA-002_FULL,5912001,5911102,0.2610553984311668
ADA-002_FULL,5912001,5911199,0.27434941944026675
ADA-002_FULL,5912001,5920100,0.28319498073899285
ADA-002_FULL,5912001,5914600,0.2863781637496513
ADA-002_FULL,5912001,5913800,0.2904411172753859
ADA-002_FULL,5912002,5912002,0.0
ADA-002_FULL,5912002,5912001,0.21527505267324978
ADA-002_FULL,5912002,5912099,0.24621046992940138
ADA-002_FULL,5912002,5911101,0.26340437695717667
ADA-002_FULL,5912002,5911102,0.26780248005799245
ADA-002_FULL,5912002,5920100,0.2714756692005234
ADA-002_FULL,5912002,5911199,0.2783776868503705
ADA-002_FULL,5912099,5912099,0.0
ADA-002_FULL,5912099,5911199,0.12989391740830428
ADA-002_FULL,5912099,5911101,0.2130391867325297
ADA-002_FULL,5912099,5911102,0.22171846332884712
ADA-002_FULL,5912099,5914600,0.23199000019958765
ADA-002_FULL,5912099,5912001,0.24455695664500796
ADA-002_FULL,5912099,5912002,0.24621046992940138
ADA-002_FULL,5912099,5913800,0.2627694173382567
ADA-002_FULL,5912099,5920100,0.27794577465306197
ADA-002_FULL,5913800,5913800,0.0
ADA-002_FULL,5913800,5911101,0.23626811973830453
ADA-002_FULL,5913800,5914600,0.24039291485457348
ADA-002_FULL,5913800,5911102,0.24425884088837202
ADA-002_FULL,5913800,5911199,0.25563358769961286
ADA-002_FULL,5913800,5912099,0.2627694173382567
ADA-002_FULL,5913800,5912001,0.2904411172753859
ADA-002_FULL,5914600,5914600,0.0
ADA-002_FULL,5914600,5911101,0.20417939483938402
ADA-002_FULL,5914600,5911199,0.2261139121094009
ADA-002_FULL,5914600,5911102,0.22648367741975017
ADA-002_FULL,5914600,5912099,0.23199000019958765
ADA-002_FULL,5914600,5913800,0.24039291485457348
ADA-002_FULL,5914600,5912001,0.2863781637496513
ADA-002_FULL,5914600,5920100,0.2906967175027695
ADA-002_FULL,5920100,5920100,0.0
ADA-002_FULL,5920100,5912002,0.2714756692005234
ADA-002_FULL,5920100,5912099,0.27794577465306197
ADA-002_FULL,5920100,5911101,0.27941103682061635
ADA-002_FULL,5920100,5912001,0.28319498073899285
ADA-002_FULL,5920100,5911199,0.2874470516880166
ADA-002_FULL,5920100,5914600,0.2906967175027695
ADA-002_FULL,6010100,6010100,0.0
ADA-002_FULL,6010100,6021700,0.23376491457296508
ADA-002_FULL,6021700,6021700,0.0
ADA-002_FULL,6021700,6010100,0.23376491457296508
ADA-002_FULL,6021700,6022502,0.2577704095969202
ADA-002_FULL,6022501,6022501,0.0
ADA-002_FULL,6022501,6022502,0.20660478398844387
ADA-002_FULL,6022502,6022502,0.0
ADA-002_FULL,6022502,6022501,0.20660478398844387
ADA-002_FULL,6022502,6021700,0.2577704095969202
ADA-002_FULL,6110801,6110801,0.0
ADA-002_FULL,6110801,6110899,0.29942569007411995
ADA-002_FULL,6110802,6110802,0.0
ADA-002_FULL,6110803,6110803,0.0
ADA-002_FULL,6110803,6110899,0.29620990853330853
ADA-002_FULL,6110899,6110899,0.0
ADA-002_FULL,6110899,6120599,0.23759073815725604
ADA-002_FULL,6110899,6110803,0.29620990853330853
ADA-002_FULL,6110899,6110801,0.29942569007411995
ADA-002_FULL,6120501,6120501,0.0
ADA-002_FULL,6120501,6120599,0.2645108165015731
ADA-002_FULL,6120501,6120502,0.29458942769742896
ADA-002_FULL,6120502,6120502,0.0
ADA-002_FULL,6120502,6120599,0.2908073330812361
ADA-002_FULL,6120502,6120501,0.29458942769742896
ADA-002_FULL,6120599,6120599,0.0
ADA-002_FULL,6120599,6110899,0.23759073815725604
ADA-002_FULL,6120599,6120501,0.2645108165015731
ADA-002_FULL,6120599,6120502,0.2908073330812361
ADA-002_FULL,6130200,6130200,0.0
ADA-002_FULL,6130200,6143400,0.28956962323550034
ADA-002_FULL,6141800,6141800,0.0
ADA-002_FULL,6141800,6143400,0.20810961613170506
ADA-002_FULL,6141800,6142600,0.2541544988820843
ADA-002_FULL,6142600,6142600,0.0
ADA-002_FULL,6142600,6141800,0.2541544988820843
ADA-002_FULL,6142600,6143400,0.26591394084433184
ADA-002_FULL,6143400,6143400,0.0
ADA-002_FULL,6143400,6141800,0.20810961613170506
ADA-002_FULL,6143400,6142600,0.26591394084433184
ADA-002_FULL,6143400,6130200,0.28956962323550034
ADA-002_FULL,6190601,6190601,0.0
ADA-002_FULL,6190601,6190699,0.269799361116986
ADA-002_FULL,6190601,6190602,0.2783775549917617
ADA-002_FULL,6190602,6190602,0.0
ADA-002_FULL,6190602,6190601,0.2783775549917617
ADA-002_FULL,6190699,6190699,0.0
ADA-002_FULL,6190699,6190601,0.269799361116986
ADA-002_FULL,6190699,7490199,0.29687181017947084
ADA-002_FULL,6190699,9609299,0.2978294857401395
ADA-002_FULL,6190699,6399200,0.299838272571746
ADA-002_FULL,6201501,6201501,0.0
ADA-002_FULL,6201501,6201502,0.22070060043143688
ADA-002_FULL,6201501,6202300,0.2583441658040904
ADA-002_FULL,6201501,6203100,0.2727005736288388
ADA-002_FULL,6201502,6201502,0.0
ADA-002_FULL,6201502,6201501,0.22070060043143688
ADA-002_FULL,6202300,6202300,0.0
ADA-002_FULL,6202300,6203100,0.1548243773450354
ADA-002_FULL,6202300,6201501,0.2583441658040904
ADA-002_FULL,6203100,6203100,0.0
ADA-002_FULL,6203100,6202300,0.1548243773450354
ADA-002_FULL,6203100,6201501,0.2727005736288388
ADA-002_FULL,6204000,6204000,0.0
ADA-002_FULL,6204000,6209100,0.26418023328412693
ADA-002_FULL,6209100,6209100,0.0
ADA-002_FULL,6209100,6204000,0.26418023328412693
ADA-002_FULL,6311900,6311900,0.0
ADA-002_FULL,6311900,6319400,0.2789329951760993
ADA-002_FULL,6319400,6319400,0.0
ADA-002_FULL,6319400,6311900,0.2789329951760993
ADA-002_FULL,6391700,6391700,0.0
ADA-002_FULL,6399200,6399200,0.0
ADA-002_FULL,6399200,6499999,0.2731447956916435
ADA-002_FULL,6399200,9609299,0.2742639898017593
ADA-002_FULL,6399200,8299799,0.27913193589618734
ADA-002_FULL,6399200,8599699,0.2951713626249303
ADA-002_FULL,6399200,7490199,0.2953283483810073
ADA-002_FULL,6399200,7490101,0.2983696946718534
ADA-002_FULL,6399200,6190699,0.299838272571746
ADA-002_FULL,6410700,6410700,0.0
ADA-002_FULL,6410700,6421200,0.28599113217324956
ADA-002_FULL,6410700,6438701,0.2880881569186244
ADA-002_FULL,6421200,6421200,0.0
ADA-002_FULL,6421200,6422100,0.21459337834747086
ADA-002_FULL,6421200,6424701,0.2563301076380459
ADA-002_FULL,6421200,6438701,0.26605242668328427
ADA-002_FULL,6421200,6432800,0.27079614495835297
ADA-002_FULL,6421200,6433600,0.2828135979993881
ADA-002_FULL,6421200,6431000,0.2844905382083418
ADA-002_FULL,6421200,6410700,0.28599113217324956
ADA-002_FULL,6422100,6422100,0.0
ADA-002_FULL,6422100,6431000,0.19652984006593324
ADA-002_FULL,6422100,6421200,0.21459337834747086
ADA-002_FULL,6422100,6438701,0.29180244797625426
ADA-002_FULL,6423900,6423900,0.0
ADA-002_FULL,6424701,6424701,0.0
ADA-002_FULL,6424701,6424702,0.17610400720158056
ADA-002_FULL,6424701,6424703,0.17984520014729016
ADA-002_FULL,6424701,6424704,0.2228145247451512
ADA-002_FULL,6424701,6421200,0.2563301076380459
ADA-002_FULL,6424702,6424702,0.0
ADA-002_FULL,6424702,6424703,0.12873031165674323
ADA-002_FULL,6424702,6424701,0.17610400720158056
ADA-002_FULL,6424702,6424704,0.18779752859842203
ADA-002_FULL,6424703,6424703,0.0
ADA-002_FULL,6424703,6424702,0.12873031165674323
ADA-002_FULL,6424703,6424701,0.17984520014729016
ADA-002_FULL,6424703,6424704,0.1880267707570508
ADA-002_FULL,6424704,6424704,0.0
ADA-002_FULL,6424704,6424702,0.18779752859842203
ADA-002_FULL,6424704,6424703,0.1880267707570508
ADA-002_FULL,6424704,6424701,0.2228145247451512
ADA-002_FULL,6431000,6431000,0.0
ADA-002_FULL,6431000,6422100,0.19652984006593324
ADA-002_FULL,6431000,6438701,0.2630100712700286
ADA-002_FULL,6431000,6433600,0.2719640549322004
ADA-002_FULL,6431000,6432800,0.27363148129655773
ADA-002_FULL,6431000,6421200,0.2844905382083418
ADA-002_FULL,6431000,6438799,0.29743883281696193
ADA-002_FULL,6432800,6432800,0.0
ADA-002_FULL,6432800,6433600,0.2037127642988456
ADA-002_FULL,6432800,6438701,0.22633337344189478
ADA-002_FULL,6432800,6436100,0.2589432544826023
ADA-002_FULL,6432800,6438799,0.26835296926076546
ADA-002_FULL,6432800,6421200,0.27079614495835297
ADA-002_FULL,6432800,6431000,0.27363148129655773
ADA-002_FULL,6433600,6433600,0.0
ADA-002_FULL,6433600,6432800,0.2037127642988456
ADA-002_FULL,6433600,6438701,0.23531413611471935
ADA-002_FULL,6433600,6431000,0.2719640549322004
ADA-002_FULL,6433600,6438799,0.28076873805331454
ADA-002_FULL,6433600,6421200,0.2828135979993881
ADA-002_FULL,6434400,6434400,0.0
ADA-002_FULL,6434400,6436100,0.2970778766108261
ADA-002_FULL,6435201,6435201,0.0
ADA-002_FULL,6435201,6435203,0.1677872238441218
ADA-002_FULL,6435201,6435202,0.20056559270356764
ADA-002_FULL,6435201,6436100,0.20650543502670804
ADA-002_FULL,6435201,6437900,0.22568251976637183
ADA-002_FULL,6435202,6435202,0.0
ADA-002_FULL,6435202,6435201,0.20056559270356764
ADA-002_FULL,6435202,6435203,0.22488305991868585
ADA-002_FULL,6435202,6436100,0.2596193145396428
ADA-002_FULL,6435202,6437900,0.28475295719874566
ADA-002_FULL,6435203,6435203,0.0
ADA-002_FULL,6435203,6435201,0.1677872238441218
ADA-002_FULL,6435203,6435202,0.22488305991868585
ADA-002_FULL,6435203,6436100,0.2534867320531494
ADA-002_FULL,6435203,6437900,0.2793449944877441
ADA-002_FULL,6436100,6436100,0.0
ADA-002_FULL,6436100,6435201,0.20650543502670804
ADA-002_FULL,6436100,6437900,0.21751562490064485
ADA-002_FULL,6436100,6435203,0.2534867320531494
ADA-002_FULL,6436100,6432800,0.2589432544826023
ADA-002_FULL,6436100,6435202,0.2596193145396428
ADA-002_FULL,6436100,6450600,0.2737278846149475
ADA-002_FULL,6436100,6499902,0.2816164436494099
ADA-002_FULL,6436100,6434400,0.2970778766108261
ADA-002_FULL,6437900,6437900,0.0
ADA-002_FULL,6437900,6436100,0.21751562490064485
ADA-002_FULL,6437900,6435201,0.22568251976637183
ADA-002_FULL,6437900,6435203,0.2793449944877441
ADA-002_FULL,6437900,6435202,0.28475295719874566
ADA-002_FULL,6438701,6438701,0.0
ADA-002_FULL,6438701,6438799,0.1920172226830125
ADA-002_FULL,6438701,6432800,0.22633337344189478
ADA-002_FULL,6438701,6433600,0.23531413611471935
ADA-002_FULL,6438701,6431000,0.2630100712700286
ADA-002_FULL,6438701,6421200,0.26605242668328427
ADA-002_FULL,6438701,6410700,0.2880881569186244
ADA-002_FULL,6438701,6422100,0.29180244797625426
ADA-002_FULL,6438799,6438799,0.0
ADA-002_FULL,6438799,6438701,0.1920172226830125
ADA-002_FULL,6438799,6432800,0.26835296926076546
ADA-002_FULL,6438799,6433600,0.28076873805331454
ADA-002_FULL,6438799,6431000,0.29743883281696193
ADA-002_FULL,6440900,6440900,0.0
ADA-002_FULL,6450600,6450600,0.0
ADA-002_FULL,6450600,6436100,0.2737278846149475
ADA-002_FULL,6450600,6499902,0.2844025315661085
ADA-002_FULL,6450600,6461100,0.29298423829572223
ADA-002_FULL,6461100,6461100,0.0
ADA-002_FULL,6461100,6462000,0.17887617538527717
ADA-002_FULL,6461100,6463800,0.292249593739707
ADA-002_FULL,6461100,6450600,0.29298423829572223
ADA-002_FULL,6462000,6462000,0.0
ADA-002_FULL,6462000,6461100,0.17887617538527717
ADA-002_FULL,6462000,6463800,0.2966727014208473
ADA-002_FULL,6463800,6463800,0.0
ADA-002_FULL,6463800,6499902,0.28784001095443157
ADA-002_FULL,6463800,6461100,0.292249593739707
ADA-002_FULL,6463800,6462000,0.2966727014208473
ADA-002_FULL,6470101,6470101,0.0
ADA-002_FULL,6470101,6470103,0.17970240078702565
ADA-002_FULL,6470101,6470102,0.18082834331679276
ADA-002_FULL,6470102,6470102,0.0
ADA-002_FULL,6470102,6470101,0.18082834331679276
ADA-002_FULL,6470102,6470103,0.19660808660874834
ADA-002_FULL,6470103,6470103,0.0
ADA-002_FULL,6470103,6470101,0.17970240078702565
ADA-002_FULL,6470103,6470102,0.19660808660874834
ADA-002_FULL,6491300,6491300,0.0
ADA-002_FULL,6492100,6492100,0.0
ADA-002_FULL,6492100,6499903,0.2974066748879228
ADA-002_FULL,6493000,6493000,0.0
ADA-002_FULL,6499901,6499901,0.0
ADA-002_FULL,6499901,6499902,0.18760114130947245
ADA-002_FULL,6499901,6499999,0.24545758780087082
ADA-002_FULL,6499901,6499904,0.2770166087131887
ADA-002_FULL,6499901,6499903,0.28930119175542557
ADA-002_FULL,6499902,6499902,0.0
ADA-002_FULL,6499902,6499901,0.18760114130947245
ADA-002_FULL,6499902,6499999,0.2047602832389318
ADA-002_FULL,6499902,6499904,0.25517979517873624
ADA-002_FULL,6499902,6499903,0.25546945524945025
ADA-002_FULL,6499902,6436100,0.2816164436494099
ADA-002_FULL,6499902,6450600,0.2844025315661085
ADA-002_FULL,6499902,6463800,0.28784001095443157
ADA-002_FULL,6499903,6499903,0.0
ADA-002_FULL,6499903,6499999,0.24757258840616309
ADA-002_FULL,6499903,6499902,0.25546945524945025
ADA-002_FULL,6499903,6499904,0.27177308449018395
ADA-002_FULL,6499903,6499901,0.28930119175542557
ADA-002_FULL,6499903,6492100,0.2974066748879228
ADA-002_FULL,6499904,6499904,0.0
ADA-002_FULL,6499904,6499999,0.24931037329630956
ADA-002_FULL,6499904,6499902,0.25517979517873624
ADA-002_FULL,6499904,6499903,0.27177308449018395
ADA-002_FULL,6499904,6499901,0.2770166087131887
ADA-002_FULL,6499904,6619304,0.28082770400131213
ADA-002_FULL,6499905,6499905,0.0
ADA-002_FULL,6499999,6499999,0.0
ADA-002_FULL,6499999,6499902,0.2047602832389318
ADA-002_FULL,6499999,6619399,0.22384371545643716
ADA-002_FULL,6499999,6499901,0.24545758780087082
ADA-002_FULL,6499999,6499903,0.24757258840616309
ADA-002_FULL,6499999,6499904,0.24931037329630956
ADA-002_FULL,6499999,9609299,0.2613797917210115
ADA-002_FULL,6499999,6399200,0.2731447956916435
ADA-002_FULL,6499999,8299799,0.28065878444648923
ADA-002_FULL,6499999,7490199,0.2916119504029149
ADA-002_FULL,6499999,8599699,0.2970814771768426
ADA-002_FULL,6511101,6511101,0.0
ADA-002_FULL,6511101,6512000,0.18368381227682976
ADA-002_FULL,6511101,6520100,0.22198136069518148
ADA-002_FULL,6511101,6530800,0.29134483870165084
ADA-002_FULL,6511101,6511102,0.291935076972454
ADA-002_FULL,6511102,6511102,0.0
ADA-002_FULL,6511102,6550200,0.28974992272960826
ADA-002_FULL,6511102,6511101,0.291935076972454
ADA-002_FULL,6512000,6512000,0.0
ADA-002_FULL,6512000,6511101,0.18368381227682976
ADA-002_FULL,6512000,6520100,0.2607804729734432
ADA-002_FULL,6520100,6520100,0.0
ADA-002_FULL,6520100,6511101,0.22198136069518148
ADA-002_FULL,6520100,6530800,0.24147484746221054
ADA-002_FULL,6520100,6512000,0.2607804729734432
ADA-002_FULL,6520100,6550200,0.2855513151912792
ADA-002_FULL,6520100,6622300,0.2940845099534606
ADA-002_FULL,6530800,6530800,0.0
ADA-002_FULL,6530800,6520100,0.24147484746221054
ADA-002_FULL,6530800,6511101,0.29134483870165084
ADA-002_FULL,6541300,6541300,0.0
ADA-002_FULL,6541300,6542100,0.18481825736552848
ADA-002_FULL,6542100,6542100,0.0
ADA-002_FULL,6542100,6541300,0.18481825736552848
ADA-002_FULL,6550200,6550200,0.0
ADA-002_FULL,6550200,6520100,0.2855513151912792
ADA-002_FULL,6550200,6511102,0.28974992272960826
ADA-002_FULL,6611801,6611801,0.0
ADA-002_FULL,6611801,6611802,0.17484831043468155
ADA-002_FULL,6611801,6611803,0.1972757125604714
ADA-002_FULL,6611801,6611804,0.2217328288546205
ADA-002_FULL,6611802,6611802,0.0
ADA-002_FULL,6611802,6611803,0.15252115619417406
ADA-002_FULL,6611802,6611801,0.17484831043468155
ADA-002_FULL,6611802,6611804,0.22282359513309782
ADA-002_FULL,6611803,6611803,0.0
ADA-002_FULL,6611803,6611802,0.15252115619417406
ADA-002_FULL,6611803,6611801,0.1972757125604714
ADA-002_FULL,6611803,6611804,0.23655292771951314
ADA-002_FULL,6611804,6611804,0.0
ADA-002_FULL,6611804,6611801,0.2217328288546205
ADA-002_FULL,6611804,6611802,0.22282359513309782
ADA-002_FULL,6611804,6611803,0.23655292771951314
ADA-002_FULL,6612601,6612601,0.0
ADA-002_FULL,6612601,6612604,0.17382215236193077
ADA-002_FULL,6612601,6612603,0.17440715072392524
ADA-002_FULL,6612601,6612602,0.1872231605258622
ADA-002_FULL,6612601,6612605,0.27721090807559634
ADA-002_FULL,6612602,6612602,0.0
ADA-002_FULL,6612602,6612601,0.1872231605258622
ADA-002_FULL,6612602,6612604,0.24357451530798027
ADA-002_FULL,6612602,6612603,0.2478952328560783
ADA-002_FULL,6612602,6612605,0.2755422498506894
ADA-002_FULL,6612603,6612603,0.0
ADA-002_FULL,6612603,6612601,0.17440715072392524
ADA-002_FULL,6612603,6612604,0.17908653584654047
ADA-002_FULL,6612603,6612602,0.2478952328560783
ADA-002_FULL,6612603,6612605,0.2926820235005683
ADA-002_FULL,6612604,6612604,0.0
ADA-002_FULL,6612604,6612601,0.17382215236193077
ADA-002_FULL,6612604,6612603,0.17908653584654047
ADA-002_FULL,6612604,6612602,0.24357451530798027
ADA-002_FULL,6612604,6612605,0.2971020155402169
ADA-002_FULL,6612605,6612605,0.0
ADA-002_FULL,6612605,6612602,0.2755422498506894
ADA-002_FULL,6612605,6612601,0.27721090807559634
ADA-002_FULL,6612605,6612603,0.2926820235005683
ADA-002_FULL,6612605,6612604,0.2971020155402169
ADA-002_FULL,6613400,6613400,0.0
ADA-002_FULL,6619301,6619301,0.0
ADA-002_FULL,6619301,6619399,0.271143672934192
ADA-002_FULL,6619301,6619302,0.2903844315632976
ADA-002_FULL,6619302,6619302,0.0
ADA-002_FULL,6619302,6619399,0.22671164332092866
ADA-002_FULL,6619302,6619303,0.25558648151745667
ADA-002_FULL,6619302,6629100,0.27551851804382715
ADA-002_FULL,6619302,6619304,0.28687340208948564
ADA-002_FULL,6619302,6619305,0.28996647958441
ADA-002_FULL,6619302,6619301,0.2903844315632976
ADA-002_FULL,6619303,6619303,0.0
ADA-002_FULL,6619303,6619302,0.25558648151745667
ADA-002_FULL,6619303,6619399,0.2631002506187569
ADA-002_FULL,6619303,6619304,0.2983497047385655
ADA-002_FULL,6619304,6619304,0.0
ADA-002_FULL,6619304,6499904,0.28082770400131213
ADA-002_FULL,6619304,6619399,0.2864457013928348
ADA-002_FULL,6619304,6619302,0.28687340208948564
ADA-002_FULL,6619304,6619303,0.2983497047385655
ADA-002_FULL,6619305,6619305,0.0
ADA-002_FULL,6619305,6619399,0.27501080059085065
ADA-002_FULL,6619305,6619302,0.28996647958441
ADA-002_FULL,6619399,6619399,0.0
ADA-002_FULL,6619399,6499999,0.22384371545643716
ADA-002_FULL,6619399,6619302,0.22671164332092866
ADA-002_FULL,6619399,6629100,0.24363319026540398
ADA-002_FULL,6619399,6619303,0.2631002506187569
ADA-002_FULL,6619399,6619301,0.271143672934192
ADA-002_FULL,6619399,6619305,0.27501080059085065
ADA-002_FULL,6619399,9609299,0.28065185631358397
ADA-002_FULL,6619399,6619304,0.2864457013928348
ADA-002_FULL,6619399,8299799,0.29207413845834806
ADA-002_FULL,6621501,6621501,0.0
ADA-002_FULL,6621501,6621502,0.27892928478649637
ADA-002_FULL,6621502,6621502,0.0
ADA-002_FULL,6621502,6621501,0.27892928478649637
ADA-002_FULL,6622300,6622300,0.0
ADA-002_FULL,6622300,6629100,0.2578383182988035
ADA-002_FULL,6622300,6520100,0.2940845099534606
ADA-002_FULL,6629100,6629100,0.0
ADA-002_FULL,6629100,6619399,0.24363319026540398
ADA-002_FULL,6629100,6622300,0.2578383182988035
ADA-002_FULL,6629100,6619302,0.27551851804382715
ADA-002_FULL,6630400,6630400,0.0
ADA-002_FULL,6810201,6810201,0.0
ADA-002_FULL,6810201,6810202,0.24788989349083673
ADA-002_FULL,6810201,6821801,0.2893130501985354
ADA-002_FULL,6810202,6810202,0.0
ADA-002_FULL,6810202,6810201,0.24788989349083673
ADA-002_FULL,6810202,6810203,0.2970570284599502
ADA-002_FULL,6810203,6810203,0.0
ADA-002_FULL,6810203,6810202,0.2970570284599502
ADA-002_FULL,6821801,6821801,0.0
ADA-002_FULL,6821801,6821802,0.15886012577592123
ADA-002_FULL,6821801,6810201,0.2893130501985354
ADA-002_FULL,6821802,6821802,0.0
ADA-002_FULL,6821802,6821801,0.15886012577592123
ADA-002_FULL,6822600,6822600,0.0
ADA-002_FULL,6911701,6911701,0.0
ADA-002_FULL,6911701,6911702,0.24642492191180493
ADA-002_FULL,6911701,6912500,0.2886631163284242
ADA-002_FULL,6911701,6920601,0.2966224947330803
ADA-002_FULL,6911702,6911702,0.0
ADA-002_FULL,6911702,6911701,0.24642492191180493
ADA-002_FULL,6911702,6912500,0.29763364934615105
ADA-002_FULL,6911703,6911703,0.0
ADA-002_FULL,6912500,6912500,0.0
ADA-002_FULL,6912500,6911701,0.2886631163284242
ADA-002_FULL,6912500,6911702,0.29763364934615105
ADA-002_FULL,6920601,6920601,0.0
ADA-002_FULL,6920601,6920602,0.12785703572610396
ADA-002_FULL,6920601,6911701,0.2966224947330803
ADA-002_FULL,6920602,6920602,0.0
ADA-002_FULL,6920602,6920601,0.12785703572610396
ADA-002_FULL,7020400,7020400,0.0
ADA-002_FULL,7111100,7111100,0.0
ADA-002_FULL,7111100,7112000,0.15722031078490695
ADA-002_FULL,7111100,7119703,0.20901989742836277
ADA-002_FULL,7111100,7119704,0.25386040466970383
ADA-002_FULL,7111100,7119799,0.2548833304961274
ADA-002_FULL,7111100,7120100,0.2781315417845814
ADA-002_FULL,7112000,7112000,0.0
ADA-002_FULL,7112000,7111100,0.15722031078490695
ADA-002_FULL,7112000,7119703,0.2196766634035019
ADA-002_FULL,7112000,7120100,0.25676060068536716
ADA-002_FULL,7112000,7119704,0.2617487426018136
ADA-002_FULL,7112000,7119799,0.26934072010593074
ADA-002_FULL,7119701,7119701,0.0
ADA-002_FULL,7119701,7119703,0.28235326372418573
ADA-002_FULL,7119701,7119702,0.2834721873510337
ADA-002_FULL,7119702,7119702,0.0
ADA-002_FULL,7119702,7119701,0.2834721873510337
ADA-002_FULL,7119702,7119799,0.289184022463576
ADA-002_FULL,7119703,7119703,0.0
ADA-002_FULL,7119703,7119799,0.2088861080668886
ADA-002_FULL,7119703,7111100,0.20901989742836277
ADA-002_FULL,7119703,7112000,0.2196766634035019
ADA-002_FULL,7119703,7119704,0.22265755020777997
ADA-002_FULL,7119703,7119701,0.28235326372418573
ADA-002_FULL,7119704,7119704,0.0
ADA-002_FULL,7119704,7119703,0.22265755020777997
ADA-002_FULL,7119704,7119799,0.25169446686455615
ADA-002_FULL,7119704,7111100,0.25386040466970383
ADA-002_FULL,7119704,7112000,0.2617487426018136
ADA-002_FULL,7119799,7119799,0.0
ADA-002_FULL,7119799,7119703,0.2088861080668886
ADA-002_FULL,7119799,7119704,0.25169446686455615
ADA-002_FULL,7119799,7111100,0.2548833304961274
ADA-002_FULL,7119799,7112000,0.26934072010593074
ADA-002_FULL,7119799,7119702,0.289184022463576
ADA-002_FULL,7119799,7490199,0.2969308401417555
ADA-002_FULL,7120100,7120100,0.0
ADA-002_FULL,7120100,7112000,0.25676060068536716
ADA-002_FULL,7120100,7111100,0.2781315417845814
ADA-002_FULL,7210000,7210000,0.0
ADA-002_FULL,7210000,7220700,0.2656733528616893
ADA-002_FULL,7220700,7220700,0.0
ADA-002_FULL,7220700,7210000,0.2656733528616893
ADA-002_FULL,7311400,7311400,0.0
ADA-002_FULL,7311400,7312200,0.2693841511217976
ADA-002_FULL,7311400,7319004,0.2894195225295792
ADA-002_FULL,7312200,7312200,0.0
ADA-002_FULL,7312200,7311400,0.2693841511217976
ADA-002_FULL,7319001,7319001,0.0
ADA-002_FULL,7319002,7319002,0.0
ADA-002_FULL,7319002,7319099,0.26852249113968973
ADA-002_FULL,7319002,7319003,0.27649320564113816
ADA-002_FULL,7319002,7319004,0.28061703666598936
ADA-002_FULL,7319003,7319003,0.0
ADA-002_FULL,7319003,7319099,0.2714964303764507
ADA-002_FULL,7319003,7319004,0.27305928558414183
ADA-002_FULL,7319003,7319002,0.27649320564113816
ADA-002_FULL,7319004,7319004,0.0
ADA-002_FULL,7319004,7319099,0.22540484859174273
ADA-002_FULL,7319004,7319003,0.27305928558414183
ADA-002_FULL,7319004,7319002,0.28061703666598936
ADA-002_FULL,7319004,7311400,0.2894195225295792
ADA-002_FULL,7319099,7319099,0.0
ADA-002_FULL,7319099,7319004,0.22540484859174273
ADA-002_FULL,7319099,7319002,0.26852249113968973
ADA-002_FULL,7319099,7319003,0.2714964303764507
ADA-002_FULL,7320300,7320300,0.0
ADA-002_FULL,7410202,7410202,0.0
ADA-002_FULL,7410202,7410203,0.1812701472923007
ADA-002_FULL,7410202,7410299,0.24389247196910485
ADA-002_FULL,7410203,7410203,0.0
ADA-002_FULL,7410203,7410202,0.1812701472923007
ADA-002_FULL,7410203,7410299,0.25122507777387476
ADA-002_FULL,7410299,7410299,0.0
ADA-002_FULL,7410299,7410202,0.24389247196910485
ADA-002_FULL,7410299,7410203,0.25122507777387476
ADA-002_FULL,7420001,7420001,0.0
ADA-002_FULL,7420001,7420002,0.14328490698182234
ADA-002_FULL,7420001,7420003,0.27174269525135947
ADA-002_FULL,7420002,7420002,0.0
ADA-002_FULL,7420002,7420001,0.14328490698182234
ADA-002_FULL,7420003,7420003,0.0
ADA-002_FULL,7420003,7420001,0.27174269525135947
ADA-002_FULL,7420003,7420004,0.29414948343606145
ADA-002_FULL,7420003,7420005,0.2950544949801231
ADA-002_FULL,7420004,7420004,0.0
ADA-002_FULL,7420004,7420005,0.283970864746442
ADA-002_FULL,7420004,7420003,0.29414948343606145
ADA-002_FULL,7420005,7420005,0.0
ADA-002_FULL,7420005,7420004,0.283970864746442
ADA-002_FULL,7420005,7420003,0.2950544949801231
ADA-002_FULL,7490101,7490101,0.0
ADA-002_FULL,7490101,7490199,0.23909115943262593
ADA-002_FULL,7490101,7490104,0.27404446451641745
ADA-002_FULL,7490101,7490103,0.28780016702801575
ADA-002_FULL,7490101,7490105,0.29811548086308026
ADA-002_FULL,7490101,6399200,0.2983696946718534
ADA-002_FULL,7490101,9609299,0.29927052668944853
ADA-002_FULL,7490102,7490102,0.0
ADA-002_FULL,7490103,7490103,0.0
ADA-002_FULL,7490103,7490101,0.28780016702801575
ADA-002_FULL,7490103,7490199,0.2903482466759043
ADA-002_FULL,7490104,7490104,0.0
ADA-002_FULL,7490104,7490105,0.2529054676109915
ADA-002_FULL,7490104,7490199,0.26435539605390457
ADA-002_FULL,7490104,7490101,0.27404446451641745
ADA-002_FULL,7490105,7490105,0.0
ADA-002_FULL,7490105,7490104,0.2529054676109915
ADA-002_FULL,7490105,7490199,0.2655273619287151
ADA-002_FULL,7490105,7490101,0.29811548086308026
ADA-002_FULL,7490199,7490199,0.0
ADA-002_FULL,7490199,7490101,0.23909115943262593
ADA-002_FULL,7490199,8599699,0.2593098774531332
ADA-002_FULL,7490199,9609299,0.26214746446285503
ADA-002_FULL,7490199,7490104,0.26435539605390457
ADA-002_FULL,7490199,7490105,0.2655273619287151
ADA-002_FULL,7490199,7490103,0.2903482466759043
ADA-002_FULL,7490199,6499999,0.2916119504029149
ADA-002_FULL,7490199,6399200,0.2953283483810073
ADA-002_FULL,7490199,6190699,0.29687181017947084
ADA-002_FULL,7490199,7119799,0.2969308401417555
ADA-002_FULL,7500100,7500100,0.0
ADA-002_FULL,7711000,7711000,0.0
ADA-002_FULL,7711000,7719599,0.2203866993626827
ADA-002_FULL,7711000,7719502,0.2518291519880494
ADA-002_FULL,7711000,7719501,0.2843176597818573
ADA-002_FULL,7719501,7719501,0.0
ADA-002_FULL,7719501,7719502,0.2646847357144894
ADA-002_FULL,7719501,7719599,0.2653431599321922
ADA-002_FULL,7719501,7711000,0.2843176597818573
ADA-002_FULL,7719502,7719502,0.0
ADA-002_FULL,7719502,7719599,0.22741394536301063
ADA-002_FULL,7719502,7711000,0.2518291519880494
ADA-002_FULL,7719502,7719501,0.2646847357144894
ADA-002_FULL,7719599,7719599,0.0
ADA-002_FULL,7719599,7711000,0.2203866993626827
ADA-002_FULL,7719599,7719502,0.22741394536301063
ADA-002_FULL,7719599,7719501,0.2653431599321922
ADA-002_FULL,7721700,7721700,0.0
ADA-002_FULL,7721700,7729201,0.2510815131445573
ADA-002_FULL,7721700,7729202,0.2941313720509879
ADA-002_FULL,7722500,7722500,0.0
ADA-002_FULL,7723300,7723300,0.0
ADA-002_FULL,7723300,7729299,0.28957790266861505
ADA-002_FULL,7723300,7729202,0.2915286286547298
ADA-002_FULL,7729201,7729201,0.0
ADA-002_FULL,7729201,7721700,0.2510815131445573
ADA-002_FULL,7729201,7729202,0.25963451543864
ADA-002_FULL,7729201,7729299,0.27986135164333037
ADA-002_FULL,7729202,7729202,0.0
ADA-002_FULL,7729202,7729299,0.22511009135013524
ADA-002_FULL,7729202,7729201,0.25963451543864
ADA-002_FULL,7729202,7729203,0.26290525491294797
ADA-002_FULL,7729202,7723300,0.2915286286547298
ADA-002_FULL,7729202,7721700,0.2941313720509879
ADA-002_FULL,7729203,7729203,0.0
ADA-002_FULL,7729203,7729299,0.2554981997884859
ADA-002_FULL,7729203,7729202,0.26290525491294797
ADA-002_FULL,7729203,7739002,0.28036818934088803
ADA-002_FULL,7729299,7729299,0.0
ADA-002_FULL,7729299,7729202,0.22511009135013524
ADA-002_FULL,7729299,7729203,0.2554981997884859
ADA-002_FULL,7729299,7729201,0.27986135164333037
ADA-002_FULL,7729299,7723300,0.28957790266861505
ADA-002_FULL,7729299,7739099,0.2925570725970346
ADA-002_FULL,7731400,7731400,0.0
ADA-002_FULL,7731400,7732201,0.1982050163248323
ADA-002_FULL,7731400,7739099,0.2275440495640115
ADA-002_FULL,7731400,7733100,0.22965458828488622
ADA-002_FULL,7731400,7732202,0.24305497811929513
ADA-002_FULL,7731400,7739001,0.2519107170278115
ADA-002_FULL,7731400,7739002,0.27111671949322286
ADA-002_FULL,7732201,7732201,0.0
ADA-002_FULL,7732201,7732202,0.17907713304074033
ADA-002_FULL,7732201,7731400,0.1982050163248323
ADA-002_FULL,7732201,7733100,0.22592019894399995
ADA-002_FULL,7732201,7739099,0.22775629024969377
ADA-002_FULL,7732201,7739001,0.25076215070019
ADA-002_FULL,7732201,7739002,0.26734620826846756
ADA-002_FULL,7732202,7732202,0.0
ADA-002_FULL,7732202,7732201,0.17907713304074033
ADA-002_FULL,7732202,7731400,0.24305497811929513
ADA-002_FULL,7732202,7733100,0.25675214520328055
ADA-002_FULL,7732202,7739099,0.2777754237567954
ADA-002_FULL,7732202,7739002,0.2987336983225425
ADA-002_FULL,7733100,7733100,0.0
ADA-002_FULL,7733100,7732201,0.22592019894399995
ADA-002_FULL,7733100,7731400,0.22965458828488622
ADA-002_FULL,7733100,7739099,0.24216722023670503
ADA-002_FULL,7733100,7732202,0.25675214520328055
ADA-002_FULL,7733100,7739002,0.26669917000577364
ADA-002_FULL,7733100,7739001,0.282076572170561
ADA-002_FULL,7739001,7739001,0.0
ADA-002_FULL,7739001,7739099,0.2380900696492805
ADA-002_FULL,7739001,7732201,0.25076215070019
ADA-002_FULL,7739001,7731400,0.2519107170278115
ADA-002_FULL,7739001,7739002,0.27658212879513483
ADA-002_FULL,7739001,7733100,0.282076572170561
ADA-002_FULL,7739002,7739002,0.0
ADA-002_FULL,7739002,7739099,0.23233779547275835
ADA-002_FULL,7739002,7733100,0.26669917000577364
ADA-002_FULL,7739002,7732201,0.26734620826846756
ADA-002_FULL,7739002,7731400,0.27111671949322286
ADA-002_FULL,7739002,7739001,0.27658212879513483
ADA-002_FULL,7739002,7729203,0.28036818934088803
ADA-002_FULL,7739002,7732202,0.2987336983225425
ADA-002_FULL,7739003,7739003,0.0
ADA-002_FULL,7739099,7739099,0.0
ADA-002_FULL,7739099,7731400,0.2275440495640115
ADA-002_FULL,7739099,7732201,0.22775629024969377
ADA-002_FULL,7739099,7739002,0.23233779547275835
ADA-002_FULL,7739099,7739001,0.2380900696492805
ADA-002_FULL,7739099,7733100,0.24216722023670503
ADA-002_FULL,7739099,7732202,0.2777754237567954
ADA-002_FULL,7739099,7729299,0.2925570725970346
ADA-002_FULL,7740300,7740300,0.0
ADA-002_FULL,7810800,7810800,0.0
ADA-002_FULL,7820500,7820500,0.0
ADA-002_FULL,7830200,7830200,0.0
ADA-002_FULL,7911200,7911200,0.0
ADA-002_FULL,7911200,7912100,0.2297148568131358
ADA-002_FULL,7912100,7912100,0.0
ADA-002_FULL,7912100,7911200,0.2297148568131358
ADA-002_FULL,7990200,7990200,0.0
ADA-002_FULL,8011101,8011101,0.0
ADA-002_FULL,8011101,8012900,0.25261845389526694
ADA-002_FULL,8011101,8011102,0.2709019081987635
ADA-002_FULL,8011101,8030700,0.2733835801646034
ADA-002_FULL,8011101,8020002,0.2786863406677896
ADA-002_FULL,8011101,8020001,0.293241015452757
ADA-002_FULL,8011102,8011102,0.0
ADA-002_FULL,8011102,8011101,0.2709019081987635
ADA-002_FULL,8012900,8012900,0.0
ADA-002_FULL,8012900,8011101,0.25261845389526694
ADA-002_FULL,8020001,8020001,0.0
ADA-002_FULL,8020001,8020002,0.1883437307167493
ADA-002_FULL,8020001,8011101,0.293241015452757
ADA-002_FULL,8020002,8020002,0.0
ADA-002_FULL,8020002,8020001,0.1883437307167493
ADA-002_FULL,8020002,8011101,0.2786863406677896
ADA-002_FULL,8030700,8030700,0.0
ADA-002_FULL,8030700,8011101,0.2733835801646034
ADA-002_FULL,8111700,8111700,0.0
ADA-002_FULL,8111700,8112500,0.27039334140776233
ADA-002_FULL,8112500,8112500,0.0
ADA-002_FULL,8112500,8111700,0.27039334140776233
ADA-002_FULL,8121400,8121400,0.0
ADA-002_FULL,8121400,8129000,0.2629635140420272
ADA-002_FULL,8122200,8122200,0.0
ADA-002_FULL,8129000,8129000,0.0
ADA-002_FULL,8129000,8121400,0.2629635140420272
ADA-002_FULL,8130300,8130300,0.0
ADA-002_FULL,8130300,9103100,0.29874814588736925
ADA-002_FULL,8211300,8211300,0.0
ADA-002_FULL,8219901,8219901,0.0
ADA-002_FULL,8219901,8219999,0.18633085603983937
ADA-002_FULL,8219999,8219999,0.0
ADA-002_FULL,8219999,8219901,0.18633085603983937
ADA-002_FULL,8220200,8220200,0.0
ADA-002_FULL,8230001,8230001,0.0
ADA-002_FULL,8230001,8230002,0.20672325799229382
ADA-002_FULL,8230002,8230002,0.0
ADA-002_FULL,8230002,8230001,0.20672325799229382
ADA-002_FULL,8291100,8291100,0.0
ADA-002_FULL,8292000,8292000,0.0
ADA-002_FULL,8299701,8299701,0.0
ADA-002_FULL,8299702,8299702,0.0
ADA-002_FULL,8299703,8299703,0.0
ADA-002_FULL,8299704,8299704,0.0
ADA-002_FULL,8299705,8299705,0.0
ADA-002_FULL,8299705,8299799,0.29085120404561693
ADA-002_FULL,8299706,8299706,0.0
ADA-002_FULL,8299707,8299707,0.0
ADA-002_FULL,8299799,8299799,0.0
ADA-002_FULL,8299799,9609299,0.26330571581510176
ADA-002_FULL,8299799,6399200,0.27913193589618734
ADA-002_FULL,8299799,6499999,0.28065878444648923
ADA-002_FULL,8299799,8299705,0.29085120404561693
ADA-002_FULL,8299799,6619399,0.29207413845834806
ADA-002_FULL,8411600,8411600,0.0
ADA-002_FULL,8411600,8424800,0.2890295851035833
ADA-002_FULL,8412400,8412400,0.0
ADA-002_FULL,8412400,8413200,0.23989469114134424
ADA-002_FULL,8413200,8413200,0.0
ADA-002_FULL,8413200,8412400,0.23989469114134424
ADA-002_FULL,8421300,8421300,0.0
ADA-002_FULL,8422100,8422100,0.0
ADA-002_FULL,8422100,8425600,0.22665523777469043
ADA-002_FULL,8422100,8424800,0.26228908441358884
ADA-002_FULL,8423000,8423000,0.0
ADA-002_FULL,8424800,8424800,0.0
ADA-002_FULL,8424800,8422100,0.26228908441358884
ADA-002_FULL,8424800,8411600,0.2890295851035833
ADA-002_FULL,8424800,8430200,0.29158836989684084
ADA-002_FULL,8425600,8425600,0.0
ADA-002_FULL,8425600,8422100,0.22665523777469043
ADA-002_FULL,8430200,8430200,0.0
ADA-002_FULL,8430200,8424800,0.29158836989684084
ADA-002_FULL,8511200,8511200,0.0
ADA-002_FULL,8511200,8512100,0.1918398283268944
ADA-002_FULL,8511200,8513900,0.24741082953912902
ADA-002_FULL,8512100,8512100,0.0
ADA-002_FULL,8512100,8511200,0.1918398283268944
ADA-002_FULL,8512100,8513900,0.23335703218411166
ADA-002_FULL,8513900,8513900,0.0
ADA-002_FULL,8513900,8512100,0.23335703218411166
ADA-002_FULL,8513900,8511200,0.24741082953912902
ADA-002_FULL,8520100,8520100,0.0
ADA-002_FULL,8520100,8531700,0.2951717552204293
ADA-002_FULL,8531700,8531700,0.0
ADA-002_FULL,8531700,8532500,0.14194201479059057
ADA-002_FULL,8531700,8533300,0.20534641397718106
ADA-002_FULL,8531700,8541400,0.2707407546957856
ADA-002_FULL,8531700,8542200,0.28225866580903414
ADA-002_FULL,8531700,8520100,0.2951717552204293
ADA-002_FULL,8532500,8532500,0.0
ADA-002_FULL,8532500,8531700,0.14194201479059057
ADA-002_FULL,8532500,8533300,0.15125731004554285
ADA-002_FULL,8532500,8542200,0.28060125576101635
ADA-002_FULL,8532500,8541400,0.283208844788152
ADA-002_FULL,8533300,8533300,0.0
ADA-002_FULL,8533300,8532500,0.15125731004554285
ADA-002_FULL,8533300,8531700,0.20534641397718106
ADA-002_FULL,8541400,8541400,0.0
ADA-002_FULL,8541400,8542200,0.10488094115186623
ADA-002_FULL,8541400,8531700,0.2707407546957856
ADA-002_FULL,8541400,8532500,0.283208844788152
ADA-002_FULL,8542200,8542200,0.0
ADA-002_FULL,8542200,8541400,0.10488094115186623
ADA-002_FULL,8542200,8532500,0.28060125576101635
ADA-002_FULL,8542200,8531700,0.28225866580903414
ADA-002_FULL,8550301,8550301,0.0
ADA-002_FULL,8550301,8550302,0.27561290413244194
ADA-002_FULL,8550302,8550302,0.0
ADA-002_FULL,8550302,8550301,0.27561290413244194
ADA-002_FULL,8591100,8591100,0.0
ADA-002_FULL,8592901,8592901,0.0
ADA-002_FULL,8592901,8592902,0.23796152395526862
ADA-002_FULL,8592901,8592999,0.29221734378747194
ADA-002_FULL,8592901,8592903,0.29972679072186886
ADA-002_FULL,8592902,8592902,0.0
ADA-002_FULL,8592902,8592901,0.23796152395526862
ADA-002_FULL,8592902,8592999,0.26450403517698595
ADA-002_FULL,8592903,8592903,0.0
ADA-002_FULL,8592903,8592901,0.29972679072186886
ADA-002_FULL,8592999,8592999,0.0
ADA-002_FULL,8592999,8592902,0.26450403517698595
ADA-002_FULL,8592999,8599699,0.27145740294254384
ADA-002_FULL,8592999,8592901,0.29221734378747194
ADA-002_FULL,8593700,8593700,0.0
ADA-002_FULL,8599601,8599601,0.0
ADA-002_FULL,8599601,8599605,0.29063545955328124
ADA-002_FULL,8599601,8599602,0.2963789806777595
ADA-002_FULL,8599602,8599602,0.0
ADA-002_FULL,8599602,8599601,0.2963789806777595
ADA-002_FULL,8599603,8599603,0.0
ADA-002_FULL,8599603,8599604,0.2498862294201348
ADA-002_FULL,8599603,8599699,0.28361882153846885
ADA-002_FULL,8599604,8599604,0.0
ADA-002_FULL,8599604,8599603,0.2498862294201348
ADA-002_FULL,8599604,8599699,0.29616435319413636
ADA-002_FULL,8599604,8599605,0.29805571156390315
ADA-002_FULL,8599605,8599605,0.0
ADA-002_FULL,8599605,8599699,0.27545681396386085
ADA-002_FULL,8599605,8599601,0.29063545955328124
ADA-002_FULL,8599605,8599604,0.29805571156390315
ADA-002_FULL,8599699,8599699,0.0
ADA-002_FULL,8599699,7490199,0.2593098774531332
ADA-002_FULL,8599699,8592999,0.27145740294254384
ADA-002_FULL,8599699,9609299,0.27276335639017396
ADA-002_FULL,8599699,8599605,0.27545681396386085
ADA-002_FULL,8599699,8599603,0.28361882153846885
ADA-002_FULL,8599699,6399200,0.2951713626249303
ADA-002_FULL,8599699,8599604,0.29616435319413636
ADA-002_FULL,8599699,6499999,0.2970814771768426
ADA-002_FULL,8610101,8610101,0.0
ADA-002_FULL,8610101,8610102,0.22187843538978905
ADA-002_FULL,8610101,8650001,0.24399235241752093
ADA-002_FULL,8610101,8650099,0.2744635994094557
ADA-002_FULL,8610102,8610102,0.0
ADA-002_FULL,8610102,8610101,0.22187843538978905
ADA-002_FULL,8621601,8621601,0.0
ADA-002_FULL,8621601,8621602,0.20922872448883723
ADA-002_FULL,8621602,8621602,0.0
ADA-002_FULL,8621602,8621601,0.20922872448883723
ADA-002_FULL,8621602,8622400,0.23610936890605724
ADA-002_FULL,8622400,8622400,0.0
ADA-002_FULL,8622400,8621602,0.23610936890605724
ADA-002_FULL,8630501,8630501,0.0
ADA-002_FULL,8630501,8630502,0.203210894111547
ADA-002_FULL,8630501,8630599,0.2374667732251991
ADA-002_FULL,8630501,8630504,0.2432927028134359
ADA-002_FULL,8630501,8630503,0.248659052528911
ADA-002_FULL,8630501,8630507,0.27272572296042985
ADA-002_FULL,8630502,8630502,0.0
ADA-002_FULL,8630502,8630501,0.203210894111547
ADA-002_FULL,8630502,8630599,0.23063943370574028
ADA-002_FULL,8630502,8630504,0.24474878042749343
ADA-002_FULL,8630502,8630503,0.24821260164271752
ADA-002_FULL,8630502,8630507,0.27516735820600685
ADA-002_FULL,8630503,8630503,0.0
ADA-002_FULL,8630503,8630502,0.24821260164271752
ADA-002_FULL,8630503,8630501,0.248659052528911
ADA-002_FULL,8630503,8630599,0.2662134509242919
ADA-002_FULL,8630503,8630504,0.2695226274739585
ADA-002_FULL,8630503,8630507,0.2939815092650512
ADA-002_FULL,8630504,8630504,0.0
ADA-002_FULL,8630504,8630599,0.21855159840351362
ADA-002_FULL,8630504,8630501,0.2432927028134359
ADA-002_FULL,8630504,8630502,0.24474878042749343
ADA-002_FULL,8630504,8630507,0.2475821395730853
ADA-002_FULL,8630504,8630503,0.2695226274739585
ADA-002_FULL,8630506,8630506,0.0
ADA-002_FULL,8630507,8630507,0.0
ADA-002_FULL,8630507,8630504,0.2475821395730853
ADA-002_FULL,8630507,8630599,0.25266175829564513
ADA-002_FULL,8630507,8630501,0.27272572296042985
ADA-002_FULL,8630507,8630502,0.27516735820600685
ADA-002_FULL,8630507,8630503,0.2939815092650512
ADA-002_FULL,8630599,8630599,0.0
ADA-002_FULL,8630599,8630504,0.21855159840351362
ADA-002_FULL,8630599,8630502,0.23063943370574028
ADA-002_FULL,8630599,8630501,0.2374667732251991
ADA-002_FULL,8630599,8630507,0.25266175829564513
ADA-002_FULL,8630599,8650099,0.25877891383808366
ADA-002_FULL,8630599,8630503,0.2662134509242919
ADA-002_FULL,8630599,8690999,0.2794530422938193
ADA-002_FULL,8630599,8650001,0.29432784670980683
ADA-002_FULL,8630599,8640299,0.29724578190336903
ADA-002_FULL,8640201,8640201,0.0
ADA-002_FULL,8640201,8640202,0.2160513879529681
ADA-002_FULL,8640202,8640202,0.0
ADA-002_FULL,8640202,8640201,0.2160513879529681
ADA-002_FULL,8640202,8640299,0.24557417524225877
ADA-002_FULL,8640202,8640210,0.25879023204713736
ADA-002_FULL,8640202,8640214,0.2803445599083934
ADA-002_FULL,8640202,8640204,0.2860941908059029
ADA-002_FULL,8640202,8640212,0.2864814131822306
ADA-002_FULL,8640202,8640203,0.28891878162882995
ADA-002_FULL,8640202,8640211,0.2916695875755149
ADA-002_FULL,8640203,8640203,0.0
ADA-002_FULL,8640203,8640210,0.27258904251839566
ADA-002_FULL,8640203,8640212,0.2737662485460345
ADA-002_FULL,8640203,8640202,0.28891878162882995
ADA-002_FULL,8640203,8640299,0.2923309442154652
ADA-002_FULL,8640204,8640204,0.0
ADA-002_FULL,8640204,8640211,0.2192545699950963
ADA-002_FULL,8640204,8640210,0.2694984575350984
ADA-002_FULL,8640204,8640206,0.2695199717071274
ADA-002_FULL,8640204,8640207,0.2753225276487331
ADA-002_FULL,8640204,8640299,0.27947456773672014
ADA-002_FULL,8640204,8640205,0.2823019518930356
ADA-002_FULL,8640204,8640202,0.2860941908059029
ADA-002_FULL,8640205,8640205,0.0
ADA-002_FULL,8640205,8640207,0.1944455427652001
ADA-002_FULL,8640205,8640211,0.26055596994622715
ADA-002_FULL,8640205,8640204,0.2823019518930356
ADA-002_FULL,8640206,8640206,0.0
ADA-002_FULL,8640206,8640207,0.2506056558786355
ADA-002_FULL,8640206,8640204,0.2695199717071274
ADA-002_FULL,8640206,8640211,0.28189533591148874
ADA-002_FULL,8640207,8640207,0.0
ADA-002_FULL,8640207,8640205,0.1944455427652001
ADA-002_FULL,8640207,8640206,0.2506056558786355
ADA-002_FULL,8640207,8640204,0.2753225276487331
ADA-002_FULL,8640207,8640211,0.28468342214500364
ADA-002_FULL,8640208,8640208,0.0
ADA-002_FULL,8640209,8640209,0.0
ADA-002_FULL,8640210,8640210,0.0
ADA-002_FULL,8640210,8640211,0.2204829732088982
ADA-002_FULL,8640210,8640212,0.24420303698924656
ADA-002_FULL,8640210,8640202,0.25879023204713736
ADA-002_FULL,8640210,8640299,0.26504775790603435
ADA-002_FULL,8640210,8640204,0.2694984575350984
ADA-002_FULL,8640210,8640203,0.27258904251839566
ADA-002_FULL,8640211,8640211,0.0
ADA-002_FULL,8640211,8640204,0.2192545699950963
ADA-002_FULL,8640211,8640210,0.2204829732088982
ADA-002_FULL,8640211,8640205,0.26055596994622715
ADA-002_FULL,8640211,8640212,0.27892896159914926
ADA-002_FULL,8640211,8640299,0.28051702091847747
ADA-002_FULL,8640211,8640206,0.28189533591148874
ADA-002_FULL,8640211,8640207,0.28468342214500364
ADA-002_FULL,8640211,8640202,0.2916695875755149
ADA-002_FULL,8640212,8640212,0.0
ADA-002_FULL,8640212,8640210,0.24420303698924656
ADA-002_FULL,8640212,8640203,0.2737662485460345
ADA-002_FULL,8640212,8640211,0.27892896159914926
ADA-002_FULL,8640212,8640299,0.2847966174060182
ADA-002_FULL,8640212,8640202,0.2864814131822306
ADA-002_FULL,8640212,8640214,0.29000001277059095
ADA-002_FULL,8640213,8640213,0.0
ADA-002_FULL,8640214,8640214,0.0
ADA-002_FULL,8640214,8640202,0.2803445599083934
ADA-002_FULL,8640214,8640212,0.29000001277059095
ADA-002_FULL,8640299,8640299,0.0
ADA-002_FULL,8640299,8640202,0.24557417524225877
ADA-002_FULL,8640299,8640210,0.26504775790603435
ADA-002_FULL,8640299,8650099,0.27914094570483783
ADA-002_FULL,8640299,8640204,0.27947456773672014
ADA-002_FULL,8640299,8640211,0.28051702091847747
ADA-002_FULL,8640299,8640212,0.2847966174060182
ADA-002_FULL,8640299,8690901,0.28676197575034423
ADA-002_FULL,8640299,8640203,0.2923309442154652
ADA-002_FULL,8640299,8630599,0.29724578190336903
ADA-002_FULL,8640299,8690999,0.29980171088358376
ADA-002_FULL,8650001,8650001,0.0
ADA-002_FULL,8650001,8650099,0.18202739775391566
ADA-002_FULL,8650001,8650002,0.22449320918362003
ADA-002_FULL,8650001,8650004,0.22856490207930527
ADA-002_FULL,8650001,8650005,0.23235526511003704
ADA-002_FULL,8650001,8610101,0.24399235241752093
ADA-002_FULL,8650001,8650003,0.26778536203059866
ADA-002_FULL,8650001,8650006,0.28676029631863315
ADA-002_FULL,8650001,8630599,0.29432784670980683
ADA-002_FULL,8650001,8660700,0.29522986445827737
ADA-002_FULL,8650001,8650007,0.29674648990710767
ADA-002_FULL,8650002,8650002,0.0
ADA-002_FULL,8650002,8650001,0.22449320918362003
ADA-002_FULL,8650002,8650007,0.23318838848845724
ADA-002_FULL,8650002,8650099,0.238570430323731
ADA-002_FULL,8650002,8650004,0.2790407702570577
ADA-002_FULL,8650002,8650005,0.2833219836104103
ADA-002_FULL,8650002,8650003,0.2946458101625099
ADA-002_FULL,8650003,8650003,0.0
ADA-002_FULL,8650003,8650099,0.26662281763882345
ADA-002_FULL,8650003,8650001,0.26778536203059866
ADA-002_FULL,8650003,8650005,0.2696337371556201
ADA-002_FULL,8650003,8650004,0.2745953524324116
ADA-002_FULL,8650003,8650002,0.2946458101625099
ADA-002_FULL,8650004,8650004,0.0
ADA-002_FULL,8650004,8650005,0.19675372680942932
ADA-002_FULL,8650004,8650001,0.22856490207930527
ADA-002_FULL,8650004,8650099,0.24152199811125172
ADA-002_FULL,8650004,8650003,0.2745953524324116
ADA-002_FULL,8650004,8650002,0.2790407702570577
ADA-002_FULL,8650004,8650006,0.2803684758046609
ADA-002_FULL,8650005,8650005,0.0
ADA-002_FULL,8650005,8650004,0.19675372680942932
ADA-002_FULL,8650005,8650001,0.23235526511003704
ADA-002_FULL,8650005,8650099,0.23821020587929834
ADA-002_FULL,8650005,8650003,0.2696337371556201
ADA-002_FULL,8650005,8650002,0.2833219836104103
ADA-002_FULL,8650005,8650006,0.2880563623883205
ADA-002_FULL,8650006,8650006,0.0
ADA-002_FULL,8650006,8650004,0.2803684758046609
ADA-002_FULL,8650006,8650001,0.28676029631863315
ADA-002_FULL,8650006,8650005,0.2880563623883205
ADA-002_FULL,8650006,8650099,0.2980131208999476
ADA-002_FULL,8650007,8650007,0.0
ADA-002_FULL,8650007,8650002,0.23318838848845724
ADA-002_FULL,8650007,8650001,0.29674648990710767
ADA-002_FULL,8650099,8650099,0.0
ADA-002_FULL,8650099,8650001,0.18202739775391566
ADA-002_FULL,8650099,8690999,0.2321572391834029
ADA-002_FULL,8650099,8650005,0.23821020587929834
ADA-002_FULL,8650099,8650002,0.238570430323731
ADA-002_FULL,8650099,8650004,0.24152199811125172
ADA-002_FULL,8650099,8630599,0.25877891383808366
ADA-002_FULL,8650099,8650003,0.26662281763882345
ADA-002_FULL,8650099,8610101,0.2744635994094557
ADA-002_FULL,8650099,8690901,0.2756309953409749
ADA-002_FULL,8650099,8640299,0.27914094570483783
ADA-002_FULL,8650099,8650006,0.2980131208999476
ADA-002_FULL,8660700,8660700,0.0
ADA-002_FULL,8660700,8650001,0.29522986445827737
ADA-002_FULL,8690901,8690901,0.0
ADA-002_FULL,8690901,8690999,0.23375531460866164
ADA-002_FULL,8690901,8690903,0.2658007700898892
ADA-002_FULL,8690901,8650099,0.2756309953409749
ADA-002_FULL,8690901,8640299,0.28676197575034423
ADA-002_FULL,8690902,8690902,0.0
ADA-002_FULL,8690903,8690903,0.0
ADA-002_FULL,8690903,8690901,0.2658007700898892
ADA-002_FULL,8690903,8690999,0.28133216332765476
ADA-002_FULL,8690904,8690904,0.0
ADA-002_FULL,8690999,8690999,0.0
ADA-002_FULL,8690999,8650099,0.2321572391834029
ADA-002_FULL,8690999,8690901,0.23375531460866164
ADA-002_FULL,8690999,8630599,0.2794530422938193
ADA-002_FULL,8690999,8690903,0.28133216332765476
ADA-002_FULL,8690999,8640299,0.29980171088358376
ADA-002_FULL,8711501,8711501,0.0
ADA-002_FULL,8711501,8711503,0.180848983885084
ADA-002_FULL,8711501,8711505,0.19550645991199656
ADA-002_FULL,8711501,8711502,0.2086753437408122
ADA-002_FULL,8711501,8711504,0.24932622420555967
ADA-002_FULL,8711501,8712300,0.26048107022439415
ADA-002_FULL,8711501,8730102,0.2922276499372283
ADA-002_FULL,8711502,8711502,0.0
ADA-002_FULL,8711502,8711501,0.2086753437408122
ADA-002_FULL,8711502,8711503,0.2161798822518803
ADA-002_FULL,8711502,8711505,0.2342128530803358
ADA-002_FULL,8711502,8711504,0.275233571039161
ADA-002_FULL,8711502,8712300,0.2892169524695161
ADA-002_FULL,8711503,8711503,0.0
ADA-002_FULL,8711503,8711501,0.180848983885084
ADA-002_FULL,8711503,8711505,0.207266152772627
ADA-002_FULL,8711503,8711502,0.2161798822518803
ADA-002_FULL,8711503,8711504,0.24354441028604173
ADA-002_FULL,8711503,8712300,0.2569286920906402
ADA-002_FULL,8711503,8720401,0.29545757980481024
ADA-002_FULL,8711504,8711504,0.0
ADA-002_FULL,8711504,8711503,0.24354441028604173
ADA-002_FULL,8711504,8711501,0.24932622420555967
ADA-002_FULL,8711504,8711505,0.2618544797936215
ADA-002_FULL,8711504,8712300,0.27433104109527867
ADA-002_FULL,8711504,8711502,0.275233571039161
ADA-002_FULL,8711505,8711505,0.0
ADA-002_FULL,8711505,8711501,0.19550645991199656
ADA-002_FULL,8711505,8711503,0.207266152772627
ADA-002_FULL,8711505,8711502,0.2342128530803358
ADA-002_FULL,8711505,8711504,0.2618544797936215
ADA-002_FULL,8711505,8712300,0.28159454277063245
ADA-002_FULL,8712300,8712300,0.0
ADA-002_FULL,8712300,8711503,0.2569286920906402
ADA-002_FULL,8712300,8711501,0.26048107022439415
ADA-002_FULL,8712300,8711504,0.27433104109527867
ADA-002_FULL,8712300,8711505,0.28159454277063245
ADA-002_FULL,8712300,8711502,0.2892169524695161
ADA-002_FULL,8720401,8720401,0.0
ADA-002_FULL,8720401,8720499,0.16559043208406926
ADA-002_FULL,8720401,8711503,0.29545757980481024
ADA-002_FULL,8720499,8720499,0.0
ADA-002_FULL,8720499,8720401,0.16559043208406926
ADA-002_FULL,8730101,8730101,0.0
ADA-002_FULL,8730101,8730102,0.2735590526035119
ADA-002_FULL,8730101,8730199,0.2807807898193576
ADA-002_FULL,8730102,8730102,0.0
ADA-002_FULL,8730102,8730199,0.2353878806398358
ADA-002_FULL,8730102,8730101,0.2735590526035119
ADA-002_FULL,8730102,8711501,0.2922276499372283
ADA-002_FULL,8730199,8730199,0.0
ADA-002_FULL,8730199,8730102,0.2353878806398358
ADA-002_FULL,8730199,8730101,0.2807807898193576
ADA-002_FULL,8800600,8800600,0.0
ADA-002_FULL,9001901,9001901,0.0
ADA-002_FULL,9001901,9001903,0.19182780687406623
ADA-002_FULL,9001901,9001902,0.1926304019922122
ADA-002_FULL,9001901,9001999,0.24137626772463863
ADA-002_FULL,9001901,9001904,0.2442621280330936
ADA-002_FULL,9001902,9001902,0.0
ADA-002_FULL,9001902,9001901,0.1926304019922122
ADA-002_FULL,9001902,9001903,0.2222310957662867
ADA-002_FULL,9001902,9001999,0.27717094664395475
ADA-002_FULL,9001902,9001904,0.2800068131577044
ADA-002_FULL,9001902,9001906,0.2928371780563408
ADA-002_FULL,9001903,9001903,0.0
ADA-002_FULL,9001903,9001901,0.19182780687406623
ADA-002_FULL,9001903,9001902,0.2222310957662867
ADA-002_FULL,9001903,9001904,0.24365535972494873
ADA-002_FULL,9001903,9001999,0.2493216508833053
ADA-002_FULL,9001903,9003500,0.2984207951569052
ADA-002_FULL,9001904,9001904,0.0
ADA-002_FULL,9001904,9001903,0.24365535972494873
ADA-002_FULL,9001904,9001901,0.2442621280330936
ADA-002_FULL,9001904,9001905,0.26944530194804583
ADA-002_FULL,9001904,9001999,0.27902952370432177
ADA-002_FULL,9001904,9001902,0.2800068131577044
ADA-002_FULL,9001905,9001905,0.0
ADA-002_FULL,9001905,9001904,0.26944530194804583
ADA-002_FULL,9001906,9001906,0.0
ADA-002_FULL,9001906,9001902,0.2928371780563408
ADA-002_FULL,9001999,9001999,0.0
ADA-002_FULL,9001999,9001901,0.24137626772463863
ADA-002_FULL,9001999,9001903,0.2493216508833053
ADA-002_FULL,9001999,9001902,0.27717094664395475
ADA-002_FULL,9001999,9001904,0.27902952370432177
ADA-002_FULL,9002701,9002701,0.0
ADA-002_FULL,9002702,9002702,0.0
ADA-002_FULL,9003500,9003500,0.0
ADA-002_FULL,9003500,9001903,0.2984207951569052
ADA-002_FULL,9101500,9101500,0.0
ADA-002_FULL,9102301,9102301,0.0
ADA-002_FULL,9102301,9102302,0.16447794500447757
ADA-002_FULL,9102302,9102302,0.0
ADA-002_FULL,9102302,9102301,0.16447794500447757
ADA-002_FULL,9103100,9103100,0.0
ADA-002_FULL,9103100,8130300,0.29874814588736925
ADA-002_FULL,9200301,9200301,0.0
ADA-002_FULL,9200301,9200399,0.285285903159524
ADA-002_FULL,9200302,9200302,0.0
ADA-002_FULL,9200302,9200399,0.23330520787152065
ADA-002_FULL,9200399,9200399,0.0
ADA-002_FULL,9200399,9200302,0.23330520787152065
ADA-002_FULL,9200399,9200301,0.285285903159524
ADA-002_FULL,9311500,9311500,0.0
ADA-002_FULL,9312300,9312300,0.0
ADA-002_FULL,9313100,9313100,0.0
ADA-002_FULL,9319101,9319101,0.0
ADA-002_FULL,9319101,9319199,0.25436037691224633
ADA-002_FULL,9319199,9319199,0.0
ADA-002_FULL,9319199,9329899,0.16757332218956036
ADA-002_FULL,9319199,9319101,0.25436037691224633
ADA-002_FULL,9319199,9329804,0.2923521415949742
ADA-002_FULL,9321200,9321200,0.0
ADA-002_FULL,9329801,9329801,0.0
ADA-002_FULL,9329802,9329802,0.0
ADA-002_FULL,9329802,9329803,0.2758889015863005
ADA-002_FULL,9329803,9329803,0.0
ADA-002_FULL,9329803,9329804,0.23010906266068779
ADA-002_FULL,9329803,9329802,0.2758889015863005
ADA-002_FULL,9329803,9329899,0.28123078047916217
ADA-002_FULL,9329804,9329804,0.0
ADA-002_FULL,9329804,9329803,0.23010906266068779
ADA-002_FULL,9329804,9329899,0.25911567258935775
ADA-002_FULL,9329804,9319199,0.2923521415949742
ADA-002_FULL,9329899,9329899,0.0
ADA-002_FULL,9329899,9319199,0.16757332218956036
ADA-002_FULL,9329899,9329804,0.25911567258935775
ADA-002_FULL,9329899,9329803,0.28123078047916217
ADA-002_FULL,9411100,9411100,0.0
ADA-002_FULL,9411100,9412099,0.2066002087432095
ADA-002_FULL,9411100,9420100,0.22651388589802482
ADA-002_FULL,9411100,9412001,0.2390575468904425
ADA-002_FULL,9411100,9492800,0.2711254630998674
ADA-002_FULL,9411100,9493600,0.28168137266803644
ADA-002_FULL,9411100,9491000,0.2874854696229617
ADA-002_FULL,9411100,9499500,0.29869437109683267
ADA-002_FULL,9412001,9412001,0.0
ADA-002_FULL,9412001,9411100,0.2390575468904425
ADA-002_FULL,9412001,9412099,0.24694759375808847
ADA-002_FULL,9412001,9420100,0.26391245677581315
ADA-002_FULL,9412099,9412099,0.0
ADA-002_FULL,9412099,9411100,0.2066002087432095
ADA-002_FULL,9412099,9412001,0.24694759375808847
ADA-002_FULL,9412099,9420100,0.2551510207580576
ADA-002_FULL,9412099,9499500,0.27040402670708846
ADA-002_FULL,9412099,9492800,0.2799305156902824
ADA-002_FULL,9412099,9493600,0.28121663453826506
ADA-002_FULL,9412099,9491000,0.29909335059326075
ADA-002_FULL,9420100,9420100,0.0
ADA-002_FULL,9420100,9411100,0.22651388589802482
ADA-002_FULL,9420100,9412099,0.2551510207580576
ADA-002_FULL,9420100,9492800,0.25564962585451717
ADA-002_FULL,9420100,9412001,0.26391245677581315
ADA-002_FULL,9420100,9430800,0.2861229415356071
ADA-002_FULL,9420100,9493600,0.29051235760283434
ADA-002_FULL,9420100,9491000,0.2973996675928819
ADA-002_FULL,9430800,9430800,0.0
ADA-002_FULL,9430800,9420100,0.2861229415356071
ADA-002_FULL,9491000,9491000,0.0
ADA-002_FULL,9491000,9492800,0.2790010013562859
ADA-002_FULL,9491000,9493600,0.28290962035149203
ADA-002_FULL,9491000,9411100,0.2874854696229617
ADA-002_FULL,9491000,9420100,0.2973996675928819
ADA-002_FULL,9491000,9499500,0.298068446981084
ADA-002_FULL,9491000,9412099,0.29909335059326075
ADA-002_FULL,9492800,9492800,0.0
ADA-002_FULL,9492800,9420100,0.25564962585451717
ADA-002_FULL,9492800,9411100,0.2711254630998674
ADA-002_FULL,9492800,9499500,0.2769942034973205
ADA-002_FULL,9492800,9491000,0.2790010013562859
ADA-002_FULL,9492800,9412099,0.2799305156902824
ADA-002_FULL,9492800,9493600,0.28274670148550507
ADA-002_FULL,9493600,9493600,0.0
ADA-002_FULL,9493600,9499500,0.2787071641736934
ADA-002_FULL,9493600,9412099,0.28121663453826506
ADA-002_FULL,9493600,9411100,0.28168137266803644
ADA-002_FULL,9493600,9492800,0.28274670148550507
ADA-002_FULL,9493600,9491000,0.28290962035149203
ADA-002_FULL,9493600,9420100,0.29051235760283434
ADA-002_FULL,9499500,9499500,0.0
ADA-002_FULL,9499500,9412099,0.27040402670708846
ADA-002_FULL,9499500,9492800,0.2769942034973205
ADA-002_FULL,9499500,9493600,0.2787071641736934
ADA-002_FULL,9499500,9491000,0.298068446981084
ADA-002_FULL,9499500,9411100,0.29869437109683267
ADA-002_FULL,9511800,9511800,0.0
ADA-002_FULL,9511800,9512600,0.22003583247452263
ADA-002_FULL,9511800,9521500,0.2574471129602593
ADA-002_FULL,9511800,9529199,0.284813301243734
ADA-002_FULL,9511800,9529105,0.29963832173964283
ADA-002_FULL,9512600,9512600,0.0
ADA-002_FULL,9512600,9521500,0.2198964429127774
ADA-002_FULL,9512600,9511800,0.22003583247452263
ADA-002_FULL,9512600,9529199,0.2593644857261498
ADA-002_FULL,9512600,9529105,0.2868484263839201
ADA-002_FULL,9512600,3312103,0.28989910553545056
ADA-002_FULL,9512600,3312102,0.29049628355709584
ADA-002_FULL,9512600,3319800,0.29928952377432755
ADA-002_FULL,9521500,9521500,0.0
ADA-002_FULL,9521500,9529199,0.19237561867293815
ADA-002_FULL,9521500,9512600,0.2198964429127774
ADA-002_FULL,9521500,9529105,0.24669325210235327
ADA-002_FULL,9521500,9511800,0.2574471129602593
ADA-002_FULL,9521500,3312103,0.26524400346052124
ADA-002_FULL,9521500,9529106,0.26550719096412456
ADA-002_FULL,9521500,9529101,0.279721120351018
ADA-002_FULL,9521500,3312102,0.2852447768005989
ADA-002_FULL,9521500,9529103,0.2864518304403868
ADA-002_FULL,9521500,3313999,0.2935646554080135
ADA-002_FULL,9521500,9529104,0.2985246495791414
ADA-002_FULL,9529101,9529101,0.0
ADA-002_FULL,9529101,9529105,0.24678821002237752
ADA-002_FULL,9529101,9529199,0.25148572727992696
ADA-002_FULL,9529101,9529106,0.27936194291807553
ADA-002_FULL,9529101,9521500,0.279721120351018
ADA-002_FULL,9529102,9529102,0.0
ADA-002_FULL,9529103,9529103,0.0
ADA-002_FULL,9529103,9529106,0.2658639489530249
ADA-002_FULL,9529103,9529199,0.2678289239745061
ADA-002_FULL,9529103,9529105,0.2774783838501724
ADA-002_FULL,9529103,9521500,0.2864518304403868
ADA-002_FULL,9529104,9529104,0.0
ADA-002_FULL,9529104,9529199,0.2560206637651153
ADA-002_FULL,9529104,9529105,0.2866620313428766
ADA-002_FULL,9529104,9521500,0.2985246495791414
ADA-002_FULL,9529105,9529105,0.0
ADA-002_FULL,9529105,9529199,0.19944565869374803
ADA-002_FULL,9529105,9529106,0.24594068144725845
ADA-002_FULL,9529105,9521500,0.24669325210235327
ADA-002_FULL,9529105,9529101,0.24678821002237752
ADA-002_FULL,9529105,9529103,0.2774783838501724
ADA-002_FULL,9529105,9529104,0.2866620313428766
ADA-002_FULL,9529105,9512600,0.2868484263839201
ADA-002_FULL,9529105,9511800,0.29963832173964283
ADA-002_FULL,9529106,9529106,0.0
ADA-002_FULL,9529106,9529199,0.24492507594804777
ADA-002_FULL,9529106,9529105,0.24594068144725845
ADA-002_FULL,9529106,9521500,0.26550719096412456
ADA-002_FULL,9529106,9529103,0.2658639489530249
ADA-002_FULL,9529106,9529101,0.27936194291807553
ADA-002_FULL,9529199,9529199,0.0
ADA-002_FULL,9529199,9521500,0.19237561867293815
ADA-002_FULL,9529199,9529105,0.19944565869374803
ADA-002_FULL,9529199,9529106,0.24492507594804777
ADA-002_FULL,9529199,9529101,0.25148572727992696
ADA-002_FULL,9529199,9529104,0.2560206637651153
ADA-002_FULL,9529199,9512600,0.2593644857261498
ADA-002_FULL,9529199,9529103,0.2678289239745061
ADA-002_FULL,9529199,3319800,0.2679788418006047
ADA-002_FULL,9529199,9511800,0.284813301243734
ADA-002_FULL,9529199,3314799,0.2943411584534023
ADA-002_FULL,9529199,3313999,0.2958873796582022
ADA-002_FULL,9601701,9601701,0.0
ADA-002_FULL,9601701,9601702,0.15006010580641313
ADA-002_FULL,9601701,9601703,0.21097715111465723
ADA-002_FULL,9601702,9601702,0.0
ADA-002_FULL,9601702,9601701,0.15006010580641313
ADA-002_FULL,9601702,9601703,0.21328154001312322
ADA-002_FULL,9601703,9601703,0.0
ADA-002_FULL,9601703,9601701,0.21097715111465723
ADA-002_FULL,9601703,9601702,0.21328154001312322
ADA-002_FULL,9602501,9602501,0.0
ADA-002_FULL,9602501,9602502,0.21252600804729066
ADA-002_FULL,9602502,9602502,0.0
ADA-002_FULL,9602502,9602501,0.21252600804729066
ADA-002_FULL,9603301,9603301,0.0
ADA-002_FULL,9603301,9603303,0.2194457020444149
ADA-002_FULL,9603301,9603304,0.2209456871958995
ADA-002_FULL,9603301,9603302,0.24447316132004498
ADA-002_FULL,9603301,9603399,0.2570939119847604
ADA-002_FULL,9603301,9603305,0.2701074212590677
ADA-002_FULL,9603302,9603302,0.0
ADA-002_FULL,9603302,9603304,0.1704432798049433
ADA-002_FULL,9603302,9603303,0.18640507077470642
ADA-002_FULL,9603302,9603399,0.24093905211887176
ADA-002_FULL,9603302,9603301,0.24447316132004498
ADA-002_FULL,9603302,9603305,0.24659254508218076
ADA-002_FULL,9603303,9603303,0.0
ADA-002_FULL,9603303,9603304,0.13895503536798023
ADA-002_FULL,9603303,9603302,0.18640507077470642
ADA-002_FULL,9603303,9603399,0.2125055711791271
ADA-002_FULL,9603303,9603301,0.2194457020444149
ADA-002_FULL,9603303,9603305,0.24388484963723864
ADA-002_FULL,9603304,9603304,0.0
ADA-002_FULL,9603304,9603303,0.13895503536798023
ADA-002_FULL,9603304,9603302,0.1704432798049433
ADA-002_FULL,9603304,9603399,0.17861721423409566
ADA-002_FULL,9603304,9603301,0.2209456871958995
ADA-002_FULL,9603304,9603305,0.22350896037805673
ADA-002_FULL,9603305,9603305,0.0
ADA-002_FULL,9603305,9603304,0.22350896037805673
ADA-002_FULL,9603305,9603303,0.24388484963723864
ADA-002_FULL,9603305,9603302,0.24659254508218076
ADA-002_FULL,9603305,9603301,0.2701074212590677
ADA-002_FULL,9603305,9603399,0.27097542496322313
ADA-002_FULL,9603399,9603399,0.0
ADA-002_FULL,9603399,9603304,0.17861721423409566
ADA-002_FULL,9603399,9603303,0.2125055711791271
ADA-002_FULL,9603399,9603302,0.24093905211887176
ADA-002_FULL,9603399,9603301,0.2570939119847604
ADA-002_FULL,9603399,9603305,0.27097542496322313
ADA-002_FULL,9603399,9609299,0.2737212014151497
ADA-002_FULL,9609202,9609202,0.0
ADA-002_FULL,9609202,9609299,0.2877866318778172
ADA-002_FULL,9609204,9609204,0.0
ADA-002_FULL,9609205,9609205,0.0
ADA-002_FULL,9609206,9609206,0.0
ADA-002_FULL,9609207,9609207,0.0
ADA-002_FULL,9609207,9609208,0.2756015525012849
ADA-002_FULL,9609208,9609208,0.0
ADA-002_FULL,9609208,9609207,0.2756015525012849
ADA-002_FULL,9609299,9609299,0.0
ADA-002_FULL,9609299,6499999,0.2613797917210115
ADA-002_FULL,9609299,7490199,0.26214746446285503
ADA-002_FULL,9609299,8299799,0.26330571581510176
ADA-002_FULL,9609299,8599699,0.27276335639017396
ADA-002_FULL,9609299,9603399,0.2737212014151497
ADA-002_FULL,9609299,6399200,0.2742639898017593
ADA-002_FULL,9609299,6619399,0.28065185631358397
ADA-002_FULL,9609299,9609202,0.2877866318778172
ADA-002_FULL,9609299,6190699,0.2978294857401395
ADA-002_FULL,9609299,7490101,0.29927052668944853
ADA-002_FULL,9700500,9700500,0.0
ADA-002_SUBCLASSE,111301,111301,0.0
ADA-002_SUBCLASSE,111302,111302,0.0
ADA-002_SUBCLASSE,111303,111303,0.0
ADA-002_SUBCLASSE,111399,111399,0.0
ADA-002_SUBCLASSE,112101,112101,0.0
ADA-002_SUBCLASSE,112102,112102,0.0
ADA-002_SUBCLASSE,112199,112199,0.0
ADA-002_SUBCLASSE,112199,119999,0.21473513313531672
ADA-002_SUBCLASSE,112199,116499,0.2664102082875661
ADA-002_SUBCLASSE,112199,139399,0.2697682782858178
ADA-002_SUBCLASSE,113000,113000,0.0
ADA-002_SUBCLASSE,114800,114800,0.0
ADA-002_SUBCLASSE,115600,115600,0.0
ADA-002_SUBCLASSE,116401,116401,0.0
ADA-002_SUBCLASSE,116402,116402,0.0
ADA-002_SUBCLASSE,116403,116403,0.0
ADA-002_SUBCLASSE,116403,133408,0.2995821942700045
ADA-002_SUBCLASSE,116499,116499,0.0
ADA-002_SUBCLASSE,116499,119999,0.22541165307584204
ADA-002_SUBCLASSE,116499,112199,0.2664102082875661
ADA-002_SUBCLASSE,116499,139399,0.2742173473413139
ADA-002_SUBCLASSE,119901,119901,0.0
ADA-002_SUBCLASSE,119902,119902,0.0
ADA-002_SUBCLASSE,119903,119903,0.0
ADA-002_SUBCLASSE,119904,119904,0.0
ADA-002_SUBCLASSE,119905,119905,0.0
ADA-002_SUBCLASSE,119906,119906,0.0
ADA-002_SUBCLASSE,119907,119907,0.0
ADA-002_SUBCLASSE,119907,119908,0.149556804571501
ADA-002_SUBCLASSE,119907,133408,0.2878809732647987
ADA-002_SUBCLASSE,119908,119908,0.0
ADA-002_SUBCLASSE,119908,119907,0.149556804571501
ADA-002_SUBCLASSE,119908,133408,0.2770176381292907
ADA-002_SUBCLASSE,119909,119909,0.0
ADA-002_SUBCLASSE,119999,119999,0.0
ADA-002_SUBCLASSE,119999,139399,0.1743437588815685
ADA-002_SUBCLASSE,119999,112199,0.21473513313531672
ADA-002_SUBCLASSE,119999,116499,0.22541165307584204
ADA-002_SUBCLASSE,121101,121101,0.0
ADA-002_SUBCLASSE,121102,121102,0.0
ADA-002_SUBCLASSE,122900,122900,0.0
ADA-002_SUBCLASSE,131800,131800,0.0
ADA-002_SUBCLASSE,132600,132600,0.0
ADA-002_SUBCLASSE,133401,133401,0.0
ADA-002_SUBCLASSE,133402,133402,0.0
ADA-002_SUBCLASSE,133403,133403,0.0
ADA-002_SUBCLASSE,133403,135100,0.2942532348875292
ADA-002_SUBCLASSE,133404,133404,0.0
ADA-002_SUBCLASSE,133405,133405,0.0
ADA-002_SUBCLASSE,133406,133406,0.0
ADA-002_SUBCLASSE,133407,133407,0.0
ADA-002_SUBCLASSE,133408,133408,0.0
ADA-002_SUBCLASSE,133408,119908,0.2770176381292907
ADA-002_SUBCLASSE,133408,119907,0.2878809732647987
ADA-002_SUBCLASSE,133408,116403,0.2995821942700045
ADA-002_SUBCLASSE,133409,133409,0.0
ADA-002_SUBCLASSE,133410,133410,0.0
ADA-002_SUBCLASSE,133411,133411,0.0
ADA-002_SUBCLASSE,133499,133499,0.0
ADA-002_SUBCLASSE,133499,139399,0.25528383246250813
ADA-002_SUBCLASSE,134200,134200,0.0
ADA-002_SUBCLASSE,135100,135100,0.0
ADA-002_SUBCLASSE,135100,133403,0.2942532348875292
ADA-002_SUBCLASSE,139301,139301,0.0
ADA-002_SUBCLASSE,139302,139302,0.0
ADA-002_SUBCLASSE,139303,139303,0.0
ADA-002_SUBCLASSE,139304,139304,0.0
ADA-002_SUBCLASSE,139305,139305,0.0
ADA-002_SUBCLASSE,139306,139306,0.0
ADA-002_SUBCLASSE,139399,139399,0.0
ADA-002_SUBCLASSE,139399,119999,0.1743437588815685
ADA-002_SUBCLASSE,139399,133499,0.25528383246250813
ADA-002_SUBCLASSE,139399,112199,0.2697682782858178
ADA-002_SUBCLASSE,139399,116499,0.2742173473413139
ADA-002_SUBCLASSE,141501,141501,0.0
ADA-002_SUBCLASSE,141502,141502,0.0
ADA-002_SUBCLASSE,142300,142300,0.0
ADA-002_SUBCLASSE,151201,151201,0.0
ADA-002_SUBCLASSE,151201,151202,0.29431477879411894
ADA-002_SUBCLASSE,151202,151202,0.0
ADA-002_SUBCLASSE,151202,151201,0.29431477879411894
ADA-002_SUBCLASSE,151202,153901,0.2959073035771178
ADA-002_SUBCLASSE,151203,151203,0.0
ADA-002_SUBCLASSE,152101,152101,0.0
ADA-002_SUBCLASSE,152102,152102,0.0
ADA-002_SUBCLASSE,152103,152103,0.0
ADA-002_SUBCLASSE,153901,153901,0.0
ADA-002_SUBCLASSE,153901,151202,0.2959073035771178
ADA-002_SUBCLASSE,153902,153902,0.0
ADA-002_SUBCLASSE,154700,154700,0.0
ADA-002_SUBCLASSE,155501,155501,0.0
ADA-002_SUBCLASSE,155502,155502,0.0
ADA-002_SUBCLASSE,155503,155503,0.0
ADA-002_SUBCLASSE,155504,155504,0.0
ADA-002_SUBCLASSE,155505,155505,0.0
ADA-002_SUBCLASSE,159801,159801,0.0
ADA-002_SUBCLASSE,159802,159802,0.0
ADA-002_SUBCLASSE,159803,159803,0.0
ADA-002_SUBCLASSE,159804,159804,0.0
ADA-002_SUBCLASSE,159899,159899,0.0
ADA-002_SUBCLASSE,161001,161001,0.0
ADA-002_SUBCLASSE,161002,161002,0.0
ADA-002_SUBCLASSE,161003,161003,0.0
ADA-002_SUBCLASSE,161099,161099,0.0
ADA-002_SUBCLASSE,161099,162899,0.21611425120529618
ADA-002_SUBCLASSE,162801,162801,0.0
ADA-002_SUBCLASSE,162802,162802,0.0
ADA-002_SUBCLASSE,162803,162803,0.0
ADA-002_SUBCLASSE,162899,162899,0.0
ADA-002_SUBCLASSE,162899,161099,0.21611425120529618
ADA-002_SUBCLASSE,163600,163600,0.0
ADA-002_SUBCLASSE,170900,170900,0.0
ADA-002_SUBCLASSE,210101,210101,0.0
ADA-002_SUBCLASSE,210102,210102,0.0
ADA-002_SUBCLASSE,210103,210103,0.0
ADA-002_SUBCLASSE,210104,210104,0.0
ADA-002_SUBCLASSE,210105,210105,0.0
ADA-002_SUBCLASSE,210106,210106,0.0
ADA-002_SUBCLASSE,210107,210107,0.0
ADA-002_SUBCLASSE,210107,220901,0.22775223129723748
ADA-002_SUBCLASSE,210108,210108,0.0
ADA-002_SUBCLASSE,210108,220902,0.19953046732456703
ADA-002_SUBCLASSE,210109,210109,0.0
ADA-002_SUBCLASSE,210199,210199,0.0
ADA-002_SUBCLASSE,220901,220901,0.0
ADA-002_SUBCLASSE,220901,210107,0.22775223129723748
ADA-002_SUBCLASSE,220902,220902,0.0
ADA-002_SUBCLASSE,220902,210108,0.19953046732456703
ADA-002_SUBCLASSE,220903,220903,0.0
ADA-002_SUBCLASSE,220904,220904,0.0
ADA-002_SUBCLASSE,220905,220905,0.0
ADA-002_SUBCLASSE,220906,220906,0.0
ADA-002_SUBCLASSE,220999,220999,0.0
ADA-002_SUBCLASSE,230600,230600,0.0
ADA-002_SUBCLASSE,311601,311601,0.0
ADA-002_SUBCLASSE,311601,312401,0.2321271344955379
ADA-002_SUBCLASSE,311602,311602,0.0
ADA-002_SUBCLASSE,311602,312402,0.19227419685684405
ADA-002_SUBCLASSE,311603,311603,0.0
ADA-002_SUBCLASSE,311603,312403,0.2800476512456832
ADA-002_SUBCLASSE,311604,311604,0.0
ADA-002_SUBCLASSE,311604,312404,0.21957029209543835
ADA-002_SUBCLASSE,311604,321305,0.23415454133522076
ADA-002_SUBCLASSE,311604,322107,0.27420804481945144
ADA-002_SUBCLASSE,312401,312401,0.0
ADA-002_SUBCLASSE,312401,311601,0.2321271344955379
ADA-002_SUBCLASSE,312401,312402,0.29725420606431935
ADA-002_SUBCLASSE,312402,312402,0.0
ADA-002_SUBCLASSE,312402,311602,0.19227419685684405
ADA-002_SUBCLASSE,312402,312401,0.29725420606431935
ADA-002_SUBCLASSE,312403,312403,0.0
ADA-002_SUBCLASSE,312403,311603,0.2800476512456832
ADA-002_SUBCLASSE,312404,312404,0.0
ADA-002_SUBCLASSE,312404,322107,0.1753994595386103
ADA-002_SUBCLASSE,312404,311604,0.21957029209543835
ADA-002_SUBCLASSE,321301,321301,0.0
ADA-002_SUBCLASSE,321301,321304,0.1551406411588026
ADA-002_SUBCLASSE,321301,321302,0.26744397007361287
ADA-002_SUBCLASSE,321301,322101,0.27623399545171623
ADA-002_SUBCLASSE,321301,321303,0.2812555626646346
ADA-002_SUBCLASSE,321302,321302,0.0
ADA-002_SUBCLASSE,321302,322102,0.2641430590924598
ADA-002_SUBCLASSE,321302,321301,0.26744397007361287
ADA-002_SUBCLASSE,321302,321303,0.27955232791265633
ADA-002_SUBCLASSE,321303,321303,0.0
ADA-002_SUBCLASSE,321303,322103,0.21155934368374654
ADA-002_SUBCLASSE,321303,321302,0.27955232791265633
ADA-002_SUBCLASSE,321303,321301,0.2812555626646346
ADA-002_SUBCLASSE,321304,321304,0.0
ADA-002_SUBCLASSE,321304,321301,0.1551406411588026
ADA-002_SUBCLASSE,321304,322104,0.24494558558730972
ADA-002_SUBCLASSE,321305,321305,0.0
ADA-002_SUBCLASSE,321305,311604,0.23415454133522076
ADA-002_SUBCLASSE,321305,322107,0.26053183174926525
ADA-002_SUBCLASSE,321399,321399,0.0
ADA-002_SUBCLASSE,321399,322199,0.203800129423417
ADA-002_SUBCLASSE,322101,322101,0.0
ADA-002_SUBCLASSE,322101,322104,0.16864248491374254
ADA-002_SUBCLASSE,322101,321301,0.27623399545171623
ADA-002_SUBCLASSE,322101,322102,0.29451900357107136
ADA-002_SUBCLASSE,322102,322102,0.0
ADA-002_SUBCLASSE,322102,321302,0.2641430590924598
ADA-002_SUBCLASSE,322102,322101,0.29451900357107136
ADA-002_SUBCLASSE,322103,322103,0.0
ADA-002_SUBCLASSE,322103,321303,0.21155934368374654
ADA-002_SUBCLASSE,322104,322104,0.0
ADA-002_SUBCLASSE,322104,322101,0.16864248491374254
ADA-002_SUBCLASSE,322104,321304,0.24494558558730972
ADA-002_SUBCLASSE,322105,322105,0.0
ADA-002_SUBCLASSE,322106,322106,0.0
ADA-002_SUBCLASSE,322107,322107,0.0
ADA-002_SUBCLASSE,322107,312404,0.1753994595386103
ADA-002_SUBCLASSE,322107,321305,0.26053183174926525
ADA-002_SUBCLASSE,322107,311604,0.27420804481945144
ADA-002_SUBCLASSE,322199,322199,0.0
ADA-002_SUBCLASSE,322199,321399,0.203800129423417
ADA-002_SUBCLASSE,500301,500301,0.0
ADA-002_SUBCLASSE,500302,500302,0.0
ADA-002_SUBCLASSE,600001,600001,0.0
ADA-002_SUBCLASSE,600002,600002,0.0
ADA-002_SUBCLASSE,600003,600003,0.0
ADA-002_SUBCLASSE,710301,710301,0.0
ADA-002_SUBCLASSE,710301,723501,0.29835481650968215
ADA-002_SUBCLASSE,710302,710302,0.0
ADA-002_SUBCLASSE,721901,721901,0.0
ADA-002_SUBCLASSE,721901,721902,0.2901054725764934
ADA-002_SUBCLASSE,721902,721902,0.0
ADA-002_SUBCLASSE,721902,721901,0.2901054725764934
ADA-002_SUBCLASSE,722701,722701,0.0
ADA-002_SUBCLASSE,722701,722702,0.2856910059029768
ADA-002_SUBCLASSE,722702,722702,0.0
ADA-002_SUBCLASSE,722702,722701,0.2856910059029768
ADA-002_SUBCLASSE,723501,723501,0.0
ADA-002_SUBCLASSE,723501,723502,0.2925564312693896
ADA-002_SUBCLASSE,723501,710301,0.29835481650968215
ADA-002_SUBCLASSE,723502,723502,0.0
ADA-002_SUBCLASSE,723502,723501,0.2925564312693896
ADA-002_SUBCLASSE,724301,724301,0.0
ADA-002_SUBCLASSE,724301,724302,0.28962664064287336
ADA-002_SUBCLASSE,724302,724302,0.0
ADA-002_SUBCLASSE,724302,724301,0.28962664064287336
ADA-002_SUBCLASSE,725100,725100,0.0
ADA-002_SUBCLASSE,729401,729401,0.0
ADA-002_SUBCLASSE,729402,729402,0.0
ADA-002_SUBCLASSE,729403,729403,0.0
ADA-002_SUBCLASSE,729404,729404,0.0
ADA-002_SUBCLASSE,729404,729405,0.23800603301660486
ADA-002_SUBCLASSE,729405,729405,0.0
ADA-002_SUBCLASSE,729405,729404,0.23800603301660486
ADA-002_SUBCLASSE,810001,810001,0.0
ADA-002_SUBCLASSE,810002,810002,0.0
ADA-002_SUBCLASSE,810002,810003,0.23685630822390083
ADA-002_SUBCLASSE,810002,810009,0.28005071553207506
ADA-002_SUBCLASSE,810002,810004,0.2990882566059103
ADA-002_SUBCLASSE,810003,810003,0.0
ADA-002_SUBCLASSE,810003,810002,0.23685630822390083
ADA-002_SUBCLASSE,810003,810004,0.28863595600843295
ADA-002_SUBCLASSE,810004,810004,0.0
ADA-002_SUBCLASSE,810004,810003,0.28863595600843295
ADA-002_SUBCLASSE,810004,810002,0.2990882566059103
ADA-002_SUBCLASSE,810005,810005,0.0
ADA-002_SUBCLASSE,810006,810006,0.0
ADA-002_SUBCLASSE,810007,810007,0.0
ADA-002_SUBCLASSE,810008,810008,0.0
ADA-002_SUBCLASSE,810009,810009,0.0
ADA-002_SUBCLASSE,810009,810002,0.28005071553207506
ADA-002_SUBCLASSE,810010,810010,0.0
ADA-002_SUBCLASSE,810099,810099,0.0
ADA-002_SUBCLASSE,891600,891600,0.0
ADA-002_SUBCLASSE,892401,892401,0.0
ADA-002_SUBCLASSE,892402,892402,0.0
ADA-002_SUBCLASSE,892403,892403,0.0
ADA-002_SUBCLASSE,893200,893200,0.0
ADA-002_SUBCLASSE,899101,899101,0.0
ADA-002_SUBCLASSE,899102,899102,0.0
ADA-002_SUBCLASSE,899103,899103,0.0
ADA-002_SUBCLASSE,899199,899199,0.0
ADA-002_SUBCLASSE,910600,910600,0.0
ADA-002_SUBCLASSE,990401,990401,0.0
ADA-002_SUBCLASSE,990401,990402,0.27267835360999293
ADA-002_SUBCLASSE,990402,990402,0.0
ADA-002_SUBCLASSE,990402,990403,0.15395436179769512
ADA-002_SUBCLASSE,990402,990401,0.27267835360999293
ADA-002_SUBCLASSE,990403,990403,0.0
ADA-002_SUBCLASSE,990403,990402,0.15395436179769512
ADA-002_SUBCLASSE,1011201,1011201,0.0
ADA-002_SUBCLASSE,1011201,1011203,0.17363303089595097
ADA-002_SUBCLASSE,1011201,1012103,0.19676917738491442
ADA-002_SUBCLASSE,1011201,1011202,0.19940418968168167
ADA-002_SUBCLASSE,1011201,1011204,0.23251955490403325
ADA-002_SUBCLASSE,1011202,1011202,0.0
ADA-002_SUBCLASSE,1011202,1011201,0.19940418968168167
ADA-002_SUBCLASSE,1011202,1011203,0.23447581798287045
ADA-002_SUBCLASSE,1011202,1012103,0.2528662228536466
ADA-002_SUBCLASSE,1011202,1011204,0.2914626290989487
ADA-002_SUBCLASSE,1011203,1011203,0.0
ADA-002_SUBCLASSE,1011203,1011201,0.17363303089595097
ADA-002_SUBCLASSE,1011203,1012103,0.23033420368266025
ADA-002_SUBCLASSE,1011203,1011202,0.23447581798287045
ADA-002_SUBCLASSE,1011203,1011204,0.2884402306818882
ADA-002_SUBCLASSE,1011204,1011204,0.0
ADA-002_SUBCLASSE,1011204,1011201,0.23251955490403325
ADA-002_SUBCLASSE,1011204,1012103,0.26491526512520064
ADA-002_SUBCLASSE,1011204,1011203,0.2884402306818882
ADA-002_SUBCLASSE,1011204,1011202,0.2914626290989487
ADA-002_SUBCLASSE,1011205,1011205,0.0
ADA-002_SUBCLASSE,1011205,1012104,0.2878083967917437
ADA-002_SUBCLASSE,1012101,1012101,0.0
ADA-002_SUBCLASSE,1012102,1012102,0.0
ADA-002_SUBCLASSE,1012103,1012103,0.0
ADA-002_SUBCLASSE,1012103,1011201,0.19676917738491442
ADA-002_SUBCLASSE,1012103,1011203,0.23033420368266025
ADA-002_SUBCLASSE,1012103,1011202,0.2528662228536466
ADA-002_SUBCLASSE,1012103,1011204,0.26491526512520064
ADA-002_SUBCLASSE,1012104,1012104,0.0
ADA-002_SUBCLASSE,1012104,1011205,0.2878083967917437
ADA-002_SUBCLASSE,1013901,1013901,0.0
ADA-002_SUBCLASSE,1013902,1013902,0.0
ADA-002_SUBCLASSE,1020101,1020101,0.0
ADA-002_SUBCLASSE,1020102,1020102,0.0
ADA-002_SUBCLASSE,1031700,1031700,0.0
ADA-002_SUBCLASSE,1032501,1032501,0.0
ADA-002_SUBCLASSE,1032599,1032599,0.0
ADA-002_SUBCLASSE,1033301,1033301,0.0
ADA-002_SUBCLASSE,1033301,1033302,0.28684355019459584
ADA-002_SUBCLASSE,1033302,1033302,0.0
ADA-002_SUBCLASSE,1033302,1033301,0.28684355019459584
ADA-002_SUBCLASSE,1041400,1041400,0.0
ADA-002_SUBCLASSE,1041400,1042200,0.2141745545896786
ADA-002_SUBCLASSE,1042200,1042200,0.0
ADA-002_SUBCLASSE,1042200,1041400,0.2141745545896786
ADA-002_SUBCLASSE,1043100,1043100,0.0
ADA-002_SUBCLASSE,1051100,1051100,0.0
ADA-002_SUBCLASSE,1052000,1052000,0.0
ADA-002_SUBCLASSE,1053800,1053800,0.0
ADA-002_SUBCLASSE,1061901,1061901,0.0
ADA-002_SUBCLASSE,1061902,1061902,0.0
ADA-002_SUBCLASSE,1062700,1062700,0.0
ADA-002_SUBCLASSE,1063500,1063500,0.0
ADA-002_SUBCLASSE,1064300,1064300,0.0
ADA-002_SUBCLASSE,1065101,1065101,0.0
ADA-002_SUBCLASSE,1065102,1065102,0.0
ADA-002_SUBCLASSE,1065102,1065103,0.27525183054949537
ADA-002_SUBCLASSE,1065103,1065103,0.0
ADA-002_SUBCLASSE,1065103,1065102,0.27525183054949537
ADA-002_SUBCLASSE,1066000,1066000,0.0
ADA-002_SUBCLASSE,1069400,1069400,0.0
ADA-002_SUBCLASSE,1071600,1071600,0.0
ADA-002_SUBCLASSE,1072401,1072401,0.0
ADA-002_SUBCLASSE,1072402,1072402,0.0
ADA-002_SUBCLASSE,1081301,1081301,0.0
ADA-002_SUBCLASSE,1081302,1081302,0.0
ADA-002_SUBCLASSE,1082100,1082100,0.0
ADA-002_SUBCLASSE,1091101,1091101,0.0
ADA-002_SUBCLASSE,1091102,1091102,0.0
ADA-002_SUBCLASSE,1092900,1092900,0.0
ADA-002_SUBCLASSE,1093701,1093701,0.0
ADA-002_SUBCLASSE,1093702,1093702,0.0
ADA-002_SUBCLASSE,1094500,1094500,0.0
ADA-002_SUBCLASSE,1095300,1095300,0.0
ADA-002_SUBCLASSE,1096100,1096100,0.0
ADA-002_SUBCLASSE,1099601,1099601,0.0
ADA-002_SUBCLASSE,1099601,1112700,0.2800220611869487
ADA-002_SUBCLASSE,1099602,1099602,0.0
ADA-002_SUBCLASSE,1099603,1099603,0.0
ADA-002_SUBCLASSE,1099604,1099604,0.0
ADA-002_SUBCLASSE,1099605,1099605,0.0
ADA-002_SUBCLASSE,1099606,1099606,0.0
ADA-002_SUBCLASSE,1099607,1099607,0.0
ADA-002_SUBCLASSE,1099699,1099699,0.0
ADA-002_SUBCLASSE,1099699,2099199,0.284709069384043
ADA-002_SUBCLASSE,1099699,3299099,0.2956430037970638
ADA-002_SUBCLASSE,1111901,1111901,0.0
ADA-002_SUBCLASSE,1111902,1111902,0.0
ADA-002_SUBCLASSE,1112700,1112700,0.0
ADA-002_SUBCLASSE,1112700,1099601,0.2800220611869487
ADA-002_SUBCLASSE,1113501,1113501,0.0
ADA-002_SUBCLASSE,1113502,1113502,0.0
ADA-002_SUBCLASSE,1121600,1121600,0.0
ADA-002_SUBCLASSE,1122401,1122401,0.0
ADA-002_SUBCLASSE,1122402,1122402,0.0
ADA-002_SUBCLASSE,1122403,1122403,0.0
ADA-002_SUBCLASSE,1122404,1122404,0.0
ADA-002_SUBCLASSE,1122499,1122499,0.0
ADA-002_SUBCLASSE,1210700,1210700,0.0
ADA-002_SUBCLASSE,1220401,1220401,0.0
ADA-002_SUBCLASSE,1220401,1220403,0.28059475672794715
ADA-002_SUBCLASSE,1220401,1220402,0.28200309583807726
ADA-002_SUBCLASSE,1220402,1220402,0.0
ADA-002_SUBCLASSE,1220402,1220401,0.28200309583807726
ADA-002_SUBCLASSE,1220403,1220403,0.0
ADA-002_SUBCLASSE,1220403,1220401,0.28059475672794715
ADA-002_SUBCLASSE,1220499,1220499,0.0
ADA-002_SUBCLASSE,1311100,1311100,0.0
ADA-002_SUBCLASSE,1312000,1312000,0.0
ADA-002_SUBCLASSE,1313800,1313800,0.0
ADA-002_SUBCLASSE,1313800,2040100,0.2310195753787327
ADA-002_SUBCLASSE,1314600,1314600,0.0
ADA-002_SUBCLASSE,1321900,1321900,0.0
ADA-002_SUBCLASSE,1322700,1322700,0.0
ADA-002_SUBCLASSE,1323500,1323500,0.0
ADA-002_SUBCLASSE,1330800,1330800,0.0
ADA-002_SUBCLASSE,1340501,1340501,0.0
ADA-002_SUBCLASSE,1340502,1340502,0.0
ADA-002_SUBCLASSE,1340599,1340599,0.0
ADA-002_SUBCLASSE,1351100,1351100,0.0
ADA-002_SUBCLASSE,1352900,1352900,0.0
ADA-002_SUBCLASSE,1353700,1353700,0.0
ADA-002_SUBCLASSE,1354500,1354500,0.0
ADA-002_SUBCLASSE,1359600,1359600,0.0
ADA-002_SUBCLASSE,1359600,3299099,0.28237371424591556
ADA-002_SUBCLASSE,1411801,1411801,0.0
ADA-002_SUBCLASSE,1411802,1411802,0.0
ADA-002_SUBCLASSE,1412601,1412601,0.0
ADA-002_SUBCLASSE,1412601,1412602,0.1523697554457139
ADA-002_SUBCLASSE,1412601,1413401,0.2767871044813526
ADA-002_SUBCLASSE,1412602,1412602,0.0
ADA-002_SUBCLASSE,1412602,1412601,0.1523697554457139
ADA-002_SUBCLASSE,1412602,1413401,0.28053106010536716
ADA-002_SUBCLASSE,1412603,1412603,0.0
ADA-002_SUBCLASSE,1413401,1413401,0.0
ADA-002_SUBCLASSE,1413401,1413402,0.2733202948849979
ADA-002_SUBCLASSE,1413401,1412601,0.2767871044813526
ADA-002_SUBCLASSE,1413401,1412602,0.28053106010536716
ADA-002_SUBCLASSE,1413402,1413402,0.0
ADA-002_SUBCLASSE,1413402,1413401,0.2733202948849979
ADA-002_SUBCLASSE,1413403,1413403,0.0
ADA-002_SUBCLASSE,1414200,1414200,0.0
ADA-002_SUBCLASSE,1421500,1421500,0.0
ADA-002_SUBCLASSE,1422300,1422300,0.0
ADA-002_SUBCLASSE,1510600,1510600,0.0
ADA-002_SUBCLASSE,1521100,1521100,0.0
ADA-002_SUBCLASSE,1529700,1529700,0.0
ADA-002_SUBCLASSE,1531901,1531901,0.0
ADA-002_SUBCLASSE,1531902,1531902,0.0
ADA-002_SUBCLASSE,1532700,1532700,0.0
ADA-002_SUBCLASSE,1533500,1533500,0.0
ADA-002_SUBCLASSE,1539400,1539400,0.0
ADA-002_SUBCLASSE,1540800,1540800,0.0
ADA-002_SUBCLASSE,1610203,1610203,0.0
ADA-002_SUBCLASSE,1610204,1610204,0.0
ADA-002_SUBCLASSE,1610205,1610205,0.0
ADA-002_SUBCLASSE,1621800,1621800,0.0
ADA-002_SUBCLASSE,1622601,1622601,0.0
ADA-002_SUBCLASSE,1622602,1622602,0.0
ADA-002_SUBCLASSE,1622699,1622699,0.0
ADA-002_SUBCLASSE,1623400,1623400,0.0
ADA-002_SUBCLASSE,1629301,1629301,0.0
ADA-002_SUBCLASSE,1629301,1629302,0.29523898103384905
ADA-002_SUBCLASSE,1629302,1629302,0.0
ADA-002_SUBCLASSE,1629302,1629301,0.29523898103384905
ADA-002_SUBCLASSE,1710900,1710900,0.0
ADA-002_SUBCLASSE,1721400,1721400,0.0
ADA-002_SUBCLASSE,1721400,1731100,0.2913472939072308
ADA-002_SUBCLASSE,1721400,1722200,0.2985046620943623
ADA-002_SUBCLASSE,1722200,1722200,0.0
ADA-002_SUBCLASSE,1722200,1732000,0.19250434770145422
ADA-002_SUBCLASSE,1722200,1721400,0.2985046620943623
ADA-002_SUBCLASSE,1731100,1731100,0.0
ADA-002_SUBCLASSE,1731100,1732000,0.2619147985165698
ADA-002_SUBCLASSE,1731100,1721400,0.2913472939072308
ADA-002_SUBCLASSE,1732000,1732000,0.0
ADA-002_SUBCLASSE,1732000,1722200,0.19250434770145422
ADA-002_SUBCLASSE,1732000,1731100,0.2619147985165698
ADA-002_SUBCLASSE,1733800,1733800,0.0
ADA-002_SUBCLASSE,1741901,1741901,0.0
ADA-002_SUBCLASSE,1741902,1741902,0.0
ADA-002_SUBCLASSE,1742701,1742701,0.0
ADA-002_SUBCLASSE,1742702,1742702,0.0
ADA-002_SUBCLASSE,1742799,1742799,0.0
ADA-002_SUBCLASSE,1749400,1749400,0.0
ADA-002_SUBCLASSE,1811301,1811301,0.0
ADA-002_SUBCLASSE,1811302,1811302,0.0
ADA-002_SUBCLASSE,1812100,1812100,0.0
ADA-002_SUBCLASSE,1813001,1813001,0.0
ADA-002_SUBCLASSE,1813001,1813099,0.2918304252431595
ADA-002_SUBCLASSE,1813099,1813099,0.0
ADA-002_SUBCLASSE,1813099,1813001,0.2918304252431595
ADA-002_SUBCLASSE,1821100,1821100,0.0
ADA-002_SUBCLASSE,1822901,1822901,0.0
ADA-002_SUBCLASSE,1822999,1822999,0.0
ADA-002_SUBCLASSE,1830001,1830001,0.0
ADA-002_SUBCLASSE,1830002,1830002,0.0
ADA-002_SUBCLASSE,1830003,1830003,0.0
ADA-002_SUBCLASSE,1910100,1910100,0.0
ADA-002_SUBCLASSE,1921700,1921700,0.0
ADA-002_SUBCLASSE,1922501,1922501,0.0
ADA-002_SUBCLASSE,1922502,1922502,0.0
ADA-002_SUBCLASSE,1922599,1922599,0.0
ADA-002_SUBCLASSE,1931400,1931400,0.0
ADA-002_SUBCLASSE,1932200,1932200,0.0
ADA-002_SUBCLASSE,2011800,2011800,0.0
ADA-002_SUBCLASSE,2012600,2012600,0.0
ADA-002_SUBCLASSE,2013401,2013401,0.0
ADA-002_SUBCLASSE,2013402,2013402,0.0
ADA-002_SUBCLASSE,2014200,2014200,0.0
ADA-002_SUBCLASSE,2019301,2019301,0.0
ADA-002_SUBCLASSE,2019399,2019399,0.0
ADA-002_SUBCLASSE,2019399,2099199,0.19479623921436492
ADA-002_SUBCLASSE,2019399,2029100,0.21643574975562724
ADA-002_SUBCLASSE,2021500,2021500,0.0
ADA-002_SUBCLASSE,2022300,2022300,0.0
ADA-002_SUBCLASSE,2029100,2029100,0.0
ADA-002_SUBCLASSE,2029100,2019399,0.21643574975562724
ADA-002_SUBCLASSE,2029100,2099199,0.2542548300599001
ADA-002_SUBCLASSE,2031200,2031200,0.0
ADA-002_SUBCLASSE,2031200,2032100,0.2949712022583747
ADA-002_SUBCLASSE,2032100,2032100,0.0
ADA-002_SUBCLASSE,2032100,2031200,0.2949712022583747
ADA-002_SUBCLASSE,2033900,2033900,0.0
ADA-002_SUBCLASSE,2040100,2040100,0.0
ADA-002_SUBCLASSE,2040100,1313800,0.2310195753787327
ADA-002_SUBCLASSE,2051700,2051700,0.0
ADA-002_SUBCLASSE,2052500,2052500,0.0
ADA-002_SUBCLASSE,2061400,2061400,0.0
ADA-002_SUBCLASSE,2062200,2062200,0.0
ADA-002_SUBCLASSE,2063100,2063100,0.0
ADA-002_SUBCLASSE,2063100,4772500,0.27975584367291706
ADA-002_SUBCLASSE,2071100,2071100,0.0
ADA-002_SUBCLASSE,2072000,2072000,0.0
ADA-002_SUBCLASSE,2073800,2073800,0.0
ADA-002_SUBCLASSE,2091600,2091600,0.0
ADA-002_SUBCLASSE,2092401,2092401,0.0
ADA-002_SUBCLASSE,2092402,2092402,0.0
ADA-002_SUBCLASSE,2092403,2092403,0.0
ADA-002_SUBCLASSE,2093200,2093200,0.0
ADA-002_SUBCLASSE,2094100,2094100,0.0
ADA-002_SUBCLASSE,2099101,2099101,0.0
ADA-002_SUBCLASSE,2099199,2099199,0.0
ADA-002_SUBCLASSE,2099199,2019399,0.19479623921436492
ADA-002_SUBCLASSE,2099199,2029100,0.2542548300599001
ADA-002_SUBCLASSE,2099199,1099699,0.284709069384043
ADA-002_SUBCLASSE,2110600,2110600,0.0
ADA-002_SUBCLASSE,2121101,2121101,0.0
ADA-002_SUBCLASSE,2121101,2121102,0.2685953910085664
ADA-002_SUBCLASSE,2121101,2121103,0.2821274407502126
ADA-002_SUBCLASSE,2121102,2121102,0.0
ADA-002_SUBCLASSE,2121102,2121103,0.2457034392469782
ADA-002_SUBCLASSE,2121102,2121101,0.2685953910085664
ADA-002_SUBCLASSE,2121103,2121103,0.0
ADA-002_SUBCLASSE,2121103,2121102,0.2457034392469782
ADA-002_SUBCLASSE,2121103,2121101,0.2821274407502126
ADA-002_SUBCLASSE,2122000,2122000,0.0
ADA-002_SUBCLASSE,2123800,2123800,0.0
ADA-002_SUBCLASSE,2211100,2211100,0.0
ADA-002_SUBCLASSE,2212900,2212900,0.0
ADA-002_SUBCLASSE,2219600,2219600,0.0
ADA-002_SUBCLASSE,2221800,2221800,0.0
ADA-002_SUBCLASSE,2222600,2222600,0.0
ADA-002_SUBCLASSE,2223400,2223400,0.0
ADA-002_SUBCLASSE,2229301,2229301,0.0
ADA-002_SUBCLASSE,2229301,2229302,0.26007940738650154
ADA-002_SUBCLASSE,2229302,2229302,0.0
ADA-002_SUBCLASSE,2229302,2229301,0.26007940738650154
ADA-002_SUBCLASSE,2229303,2229303,0.0
ADA-002_SUBCLASSE,2229399,2229399,0.0
ADA-002_SUBCLASSE,2311700,2311700,0.0
ADA-002_SUBCLASSE,2312500,2312500,0.0
ADA-002_SUBCLASSE,2312500,2319200,0.2616375917659318
ADA-002_SUBCLASSE,2319200,2319200,0.0
ADA-002_SUBCLASSE,2319200,2312500,0.2616375917659318
ADA-002_SUBCLASSE,2320600,2320600,0.0
ADA-002_SUBCLASSE,2320600,2330302,0.29649351946449815
ADA-002_SUBCLASSE,2330301,2330301,0.0
ADA-002_SUBCLASSE,2330302,2330302,0.0
ADA-002_SUBCLASSE,2330302,2330303,0.25666118241088764
ADA-002_SUBCLASSE,2330302,2320600,0.29649351946449815
ADA-002_SUBCLASSE,2330303,2330303,0.0
ADA-002_SUBCLASSE,2330303,2330302,0.25666118241088764
ADA-002_SUBCLASSE,2330304,2330304,0.0
ADA-002_SUBCLASSE,2330305,2330305,0.0
ADA-002_SUBCLASSE,2330399,2330399,0.0
ADA-002_SUBCLASSE,2341900,2341900,0.0
ADA-002_SUBCLASSE,2342701,2342701,0.0
ADA-002_SUBCLASSE,2342702,2342702,0.0
ADA-002_SUBCLASSE,2349401,2349401,0.0
ADA-002_SUBCLASSE,2349499,2349499,0.0
ADA-002_SUBCLASSE,2391501,2391501,0.0
ADA-002_SUBCLASSE,2391501,2391502,0.2881929605900871
ADA-002_SUBCLASSE,2391502,2391502,0.0
ADA-002_SUBCLASSE,2391502,2391501,0.2881929605900871
ADA-002_SUBCLASSE,2391503,2391503,0.0
ADA-002_SUBCLASSE,2392300,2392300,0.0
ADA-002_SUBCLASSE,2399101,2399101,0.0
ADA-002_SUBCLASSE,2399102,2399102,0.0
ADA-002_SUBCLASSE,2399199,2399199,0.0
ADA-002_SUBCLASSE,2399199,2599399,0.28081335660987844
ADA-002_SUBCLASSE,2411300,2411300,0.0
ADA-002_SUBCLASSE,2412100,2412100,0.0
ADA-002_SUBCLASSE,2421100,2421100,0.0
ADA-002_SUBCLASSE,2421100,2531401,0.2956621947384434
ADA-002_SUBCLASSE,2422901,2422901,0.0
ADA-002_SUBCLASSE,2422902,2422902,0.0
ADA-002_SUBCLASSE,2423701,2423701,0.0
ADA-002_SUBCLASSE,2423701,2431800,0.25380298541971097
ADA-002_SUBCLASSE,2423702,2423702,0.0
ADA-002_SUBCLASSE,2424501,2424501,0.0
ADA-002_SUBCLASSE,2424501,2531401,0.2776299993132392
ADA-002_SUBCLASSE,2424502,2424502,0.0
ADA-002_SUBCLASSE,2431800,2431800,0.0
ADA-002_SUBCLASSE,2431800,2423701,0.25380298541971097
ADA-002_SUBCLASSE,2439300,2439300,0.0
ADA-002_SUBCLASSE,2441501,2441501,0.0
ADA-002_SUBCLASSE,2441502,2441502,0.0
ADA-002_SUBCLASSE,2442300,2442300,0.0
ADA-002_SUBCLASSE,2443100,2443100,0.0
ADA-002_SUBCLASSE,2449101,2449101,0.0
ADA-002_SUBCLASSE,2449102,2449102,0.0
ADA-002_SUBCLASSE,2449103,2449103,0.0
ADA-002_SUBCLASSE,2449199,2449199,0.0
ADA-002_SUBCLASSE,2451200,2451200,0.0
ADA-002_SUBCLASSE,2452100,2452100,0.0
ADA-002_SUBCLASSE,2452100,2531402,0.25887977362297826
ADA-002_SUBCLASSE,2511000,2511000,0.0
ADA-002_SUBCLASSE,2511000,4292801,0.25363107066228063
ADA-002_SUBCLASSE,2512800,2512800,0.0
ADA-002_SUBCLASSE,2513600,2513600,0.0
ADA-002_SUBCLASSE,2521700,2521700,0.0
ADA-002_SUBCLASSE,2522500,2522500,0.0
ADA-002_SUBCLASSE,2531401,2531401,0.0
ADA-002_SUBCLASSE,2531401,2424501,0.2776299993132392
ADA-002_SUBCLASSE,2531401,2421100,0.2956621947384434
ADA-002_SUBCLASSE,2531402,2531402,0.0
ADA-002_SUBCLASSE,2531402,2452100,0.25887977362297826
ADA-002_SUBCLASSE,2532201,2532201,0.0
ADA-002_SUBCLASSE,2532202,2532202,0.0
ADA-002_SUBCLASSE,2539001,2539001,0.0
ADA-002_SUBCLASSE,2539002,2539002,0.0
ADA-002_SUBCLASSE,2541100,2541100,0.0
ADA-002_SUBCLASSE,2542000,2542000,0.0
ADA-002_SUBCLASSE,2543800,2543800,0.0
ADA-002_SUBCLASSE,2550101,2550101,0.0
ADA-002_SUBCLASSE,2550102,2550102,0.0
ADA-002_SUBCLASSE,2591800,2591800,0.0
ADA-002_SUBCLASSE,2592601,2592601,0.0
ADA-002_SUBCLASSE,2592602,2592602,0.0
ADA-002_SUBCLASSE,2593400,2593400,0.0
ADA-002_SUBCLASSE,2599301,2599301,0.0
ADA-002_SUBCLASSE,2599302,2599302,0.0
ADA-002_SUBCLASSE,2599399,2599399,0.0
ADA-002_SUBCLASSE,2599399,2399199,0.28081335660987844
ADA-002_SUBCLASSE,2599399,3299099,0.28271878678906043
ADA-002_SUBCLASSE,2610800,2610800,0.0
ADA-002_SUBCLASSE,2621300,2621300,0.0
ADA-002_SUBCLASSE,2621300,2622100,0.2718100925681036
ADA-002_SUBCLASSE,2622100,2622100,0.0
ADA-002_SUBCLASSE,2622100,2621300,0.2718100925681036
ADA-002_SUBCLASSE,2631100,2631100,0.0
ADA-002_SUBCLASSE,2632900,2632900,0.0
ADA-002_SUBCLASSE,2640000,2640000,0.0
ADA-002_SUBCLASSE,2651500,2651500,0.0
ADA-002_SUBCLASSE,2651500,3312102,0.2813632536116004
ADA-002_SUBCLASSE,2652300,2652300,0.0
ADA-002_SUBCLASSE,2660400,2660400,0.0
ADA-002_SUBCLASSE,2660400,3312103,0.2878675001380122
ADA-002_SUBCLASSE,2670101,2670101,0.0
ADA-002_SUBCLASSE,2670102,2670102,0.0
ADA-002_SUBCLASSE,2680900,2680900,0.0
ADA-002_SUBCLASSE,2710401,2710401,0.0
ADA-002_SUBCLASSE,2710402,2710402,0.0
ADA-002_SUBCLASSE,2710403,2710403,0.0
ADA-002_SUBCLASSE,2710403,3091102,0.29152806043602475
ADA-002_SUBCLASSE,2721000,2721000,0.0
ADA-002_SUBCLASSE,2722801,2722801,0.0
ADA-002_SUBCLASSE,2722802,2722802,0.0
ADA-002_SUBCLASSE,2731700,2731700,0.0
ADA-002_SUBCLASSE,2732500,2732500,0.0
ADA-002_SUBCLASSE,2733300,2733300,0.0
ADA-002_SUBCLASSE,2740601,2740601,0.0
ADA-002_SUBCLASSE,2740602,2740602,0.0
ADA-002_SUBCLASSE,2751100,2751100,0.0
ADA-002_SUBCLASSE,2759701,2759701,0.0
ADA-002_SUBCLASSE,2759799,2759799,0.0
ADA-002_SUBCLASSE,2759799,2790299,0.28317466947134107
ADA-002_SUBCLASSE,2790201,2790201,0.0
ADA-002_SUBCLASSE,2790202,2790202,0.0
ADA-002_SUBCLASSE,2790299,2790299,0.0
ADA-002_SUBCLASSE,2790299,2759799,0.28317466947134107
ADA-002_SUBCLASSE,2811900,2811900,0.0
ADA-002_SUBCLASSE,2812700,2812700,0.0
ADA-002_SUBCLASSE,2813500,2813500,0.0
ADA-002_SUBCLASSE,2814301,2814301,0.0
ADA-002_SUBCLASSE,2814301,2814302,0.23920204773084167
ADA-002_SUBCLASSE,2814302,2814302,0.0
ADA-002_SUBCLASSE,2814302,2814301,0.23920204773084167
ADA-002_SUBCLASSE,2815101,2815101,0.0
ADA-002_SUBCLASSE,2815102,2815102,0.0
ADA-002_SUBCLASSE,2821601,2821601,0.0
ADA-002_SUBCLASSE,2821602,2821602,0.0
ADA-002_SUBCLASSE,2822401,2822401,0.0
ADA-002_SUBCLASSE,2822401,2822402,0.15458371083917108
ADA-002_SUBCLASSE,2822402,2822402,0.0
ADA-002_SUBCLASSE,2822402,2822401,0.15458371083917108
ADA-002_SUBCLASSE,2823200,2823200,0.0
ADA-002_SUBCLASSE,2824101,2824101,0.0
ADA-002_SUBCLASSE,2824101,2824102,0.2709378325260343
ADA-002_SUBCLASSE,2824102,2824102,0.0
ADA-002_SUBCLASSE,2824102,2824101,0.2709378325260343
ADA-002_SUBCLASSE,2825900,2825900,0.0
ADA-002_SUBCLASSE,2829101,2829101,0.0
ADA-002_SUBCLASSE,2829199,2829199,0.0
ADA-002_SUBCLASSE,2829199,2869100,0.23853451284751467
ADA-002_SUBCLASSE,2831300,2831300,0.0
ADA-002_SUBCLASSE,2832100,2832100,0.0
ADA-002_SUBCLASSE,2833000,2833000,0.0
ADA-002_SUBCLASSE,2833000,2854200,0.28743963786770577
ADA-002_SUBCLASSE,2840200,2840200,0.0
ADA-002_SUBCLASSE,2851800,2851800,0.0
ADA-002_SUBCLASSE,2852600,2852600,0.0
ADA-002_SUBCLASSE,2853400,2853400,0.0
ADA-002_SUBCLASSE,2853400,2854200,0.2732261358635793
ADA-002_SUBCLASSE,2854200,2854200,0.0
ADA-002_SUBCLASSE,2854200,2853400,0.2732261358635793
ADA-002_SUBCLASSE,2854200,3314717,0.28600989381589503
ADA-002_SUBCLASSE,2854200,2833000,0.28743963786770577
ADA-002_SUBCLASSE,2861500,2861500,0.0
ADA-002_SUBCLASSE,2862300,2862300,0.0
ADA-002_SUBCLASSE,2863100,2863100,0.0
ADA-002_SUBCLASSE,2863100,2864000,0.26666265641810755
ADA-002_SUBCLASSE,2864000,2864000,0.0
ADA-002_SUBCLASSE,2864000,2863100,0.26666265641810755
ADA-002_SUBCLASSE,2865800,2865800,0.0
ADA-002_SUBCLASSE,2866600,2866600,0.0
ADA-002_SUBCLASSE,2869100,2869100,0.0
ADA-002_SUBCLASSE,2869100,2829199,0.23853451284751467
ADA-002_SUBCLASSE,2910701,2910701,0.0
ADA-002_SUBCLASSE,2910701,2910703,0.24572111647244105
ADA-002_SUBCLASSE,2910702,2910702,0.0
ADA-002_SUBCLASSE,2910702,2910703,0.2964472763672899
ADA-002_SUBCLASSE,2910703,2910703,0.0
ADA-002_SUBCLASSE,2910703,2910701,0.24572111647244105
ADA-002_SUBCLASSE,2910703,2920402,0.2645422846944385
ADA-002_SUBCLASSE,2910703,2910702,0.2964472763672899
ADA-002_SUBCLASSE,2920401,2920401,0.0
ADA-002_SUBCLASSE,2920401,2920402,0.25375251379953423
ADA-002_SUBCLASSE,2920401,2930102,0.297861215539105
ADA-002_SUBCLASSE,2920402,2920402,0.0
ADA-002_SUBCLASSE,2920402,2920401,0.25375251379953423
ADA-002_SUBCLASSE,2920402,2910703,0.2645422846944385
ADA-002_SUBCLASSE,2930101,2930101,0.0
ADA-002_SUBCLASSE,2930102,2930102,0.0
ADA-002_SUBCLASSE,2930102,2920401,0.297861215539105
ADA-002_SUBCLASSE,2930103,2930103,0.0
ADA-002_SUBCLASSE,2941700,2941700,0.0
ADA-002_SUBCLASSE,2941700,2942500,0.24539044953962336
ADA-002_SUBCLASSE,2941700,2944100,0.26317293696871313
ADA-002_SUBCLASSE,2941700,2943300,0.2664907236594186
ADA-002_SUBCLASSE,2941700,3091102,0.297486604636553
ADA-002_SUBCLASSE,2942500,2942500,0.0
ADA-002_SUBCLASSE,2942500,2941700,0.24539044953962336
ADA-002_SUBCLASSE,2942500,2944100,0.27765258864221126
ADA-002_SUBCLASSE,2942500,2943300,0.28884261484942175
ADA-002_SUBCLASSE,2943300,2943300,0.0
ADA-002_SUBCLASSE,2943300,2941700,0.2664907236594186
ADA-002_SUBCLASSE,2943300,2944100,0.2814716917463384
ADA-002_SUBCLASSE,2943300,2942500,0.28884261484942175
ADA-002_SUBCLASSE,2944100,2944100,0.0
ADA-002_SUBCLASSE,2944100,2941700,0.26317293696871313
ADA-002_SUBCLASSE,2944100,2942500,0.27765258864221126
ADA-002_SUBCLASSE,2944100,2943300,0.2814716917463384
ADA-002_SUBCLASSE,2945000,2945000,0.0
ADA-002_SUBCLASSE,2949201,2949201,0.0
ADA-002_SUBCLASSE,2949299,2949299,0.0
ADA-002_SUBCLASSE,2950600,2950600,0.0
ADA-002_SUBCLASSE,3011301,3011301,0.0
ADA-002_SUBCLASSE,3011302,3011302,0.0
ADA-002_SUBCLASSE,3012100,3012100,0.0
ADA-002_SUBCLASSE,3031800,3031800,0.0
ADA-002_SUBCLASSE,3032600,3032600,0.0
ADA-002_SUBCLASSE,3041500,3041500,0.0
ADA-002_SUBCLASSE,3042300,3042300,0.0
ADA-002_SUBCLASSE,3050400,3050400,0.0
ADA-002_SUBCLASSE,3091101,3091101,0.0
ADA-002_SUBCLASSE,3091101,3091102,0.2787747898602271
ADA-002_SUBCLASSE,3091102,3091102,0.0
ADA-002_SUBCLASSE,3091102,3091101,0.2787747898602271
ADA-002_SUBCLASSE,3091102,2710403,0.29152806043602475
ADA-002_SUBCLASSE,3091102,2941700,0.297486604636553
ADA-002_SUBCLASSE,3092000,3092000,0.0
ADA-002_SUBCLASSE,3099700,3099700,0.0
ADA-002_SUBCLASSE,3101200,3101200,0.0
ADA-002_SUBCLASSE,3101200,3102100,0.26847826924818796
ADA-002_SUBCLASSE,3102100,3102100,0.0
ADA-002_SUBCLASSE,3102100,3101200,0.26847826924818796
ADA-002_SUBCLASSE,3103900,3103900,0.0
ADA-002_SUBCLASSE,3104700,3104700,0.0
ADA-002_SUBCLASSE,3211601,3211601,0.0
ADA-002_SUBCLASSE,3211602,3211602,0.0
ADA-002_SUBCLASSE,3211603,3211603,0.0
ADA-002_SUBCLASSE,3212400,3212400,0.0
ADA-002_SUBCLASSE,3220500,3220500,0.0
ADA-002_SUBCLASSE,3230200,3230200,0.0
ADA-002_SUBCLASSE,3240001,3240001,0.0
ADA-002_SUBCLASSE,3240002,3240002,0.0
ADA-002_SUBCLASSE,3240002,3240003,0.29401752652409396
ADA-002_SUBCLASSE,3240003,3240003,0.0
ADA-002_SUBCLASSE,3240003,3240002,0.29401752652409396
ADA-002_SUBCLASSE,3240099,3240099,0.0
ADA-002_SUBCLASSE,3250701,3250701,0.0
ADA-002_SUBCLASSE,3250702,3250702,0.0
ADA-002_SUBCLASSE,3250703,3250703,0.0
ADA-002_SUBCLASSE,3250703,3250704,0.20302999954472084
ADA-002_SUBCLASSE,3250704,3250704,0.0
ADA-002_SUBCLASSE,3250704,3250703,0.20302999954472084
ADA-002_SUBCLASSE,3250705,3250705,0.0
ADA-002_SUBCLASSE,3250706,3250706,0.0
ADA-002_SUBCLASSE,3250707,3250707,0.0
ADA-002_SUBCLASSE,3250709,3250709,0.0
ADA-002_SUBCLASSE,3291400,3291400,0.0
ADA-002_SUBCLASSE,3292201,3292201,0.0
ADA-002_SUBCLASSE,3292202,3292202,0.0
ADA-002_SUBCLASSE,3299001,3299001,0.0
ADA-002_SUBCLASSE,3299002,3299002,0.0
ADA-002_SUBCLASSE,3299003,3299003,0.0
ADA-002_SUBCLASSE,3299004,3299004,0.0
ADA-002_SUBCLASSE,3299005,3299005,0.0
ADA-002_SUBCLASSE,3299006,3299006,0.0
ADA-002_SUBCLASSE,3299099,3299099,0.0
ADA-002_SUBCLASSE,3299099,1359600,0.28237371424591556
ADA-002_SUBCLASSE,3299099,2599399,0.28271878678906043
ADA-002_SUBCLASSE,3299099,1099699,0.2956430037970638
ADA-002_SUBCLASSE,3311200,3311200,0.0
ADA-002_SUBCLASSE,3312102,3312102,0.0
ADA-002_SUBCLASSE,3312102,2651500,0.2813632536116004
ADA-002_SUBCLASSE,3312103,3312103,0.0
ADA-002_SUBCLASSE,3312103,2660400,0.2878675001380122
ADA-002_SUBCLASSE,3312104,3312104,0.0
ADA-002_SUBCLASSE,3313901,3313901,0.0
ADA-002_SUBCLASSE,3313902,3313902,0.0
ADA-002_SUBCLASSE,3313999,3313999,0.0
ADA-002_SUBCLASSE,3313999,3314710,0.24083546218703705
ADA-002_SUBCLASSE,3313999,3319800,0.24338642178786968
ADA-002_SUBCLASSE,3313999,3314799,0.2695095985135057
ADA-002_SUBCLASSE,3314701,3314701,0.0
ADA-002_SUBCLASSE,3314702,3314702,0.0
ADA-002_SUBCLASSE,3314703,3314703,0.0
ADA-002_SUBCLASSE,3314704,3314704,0.0
ADA-002_SUBCLASSE,3314705,3314705,0.0
ADA-002_SUBCLASSE,3314706,3314706,0.0
ADA-002_SUBCLASSE,3314707,3314707,0.0
ADA-002_SUBCLASSE,3314708,3314708,0.0
ADA-002_SUBCLASSE,3314709,3314709,0.0
ADA-002_SUBCLASSE,3314710,3314710,0.0
ADA-002_SUBCLASSE,3314710,3314799,0.20379066769990242
ADA-002_SUBCLASSE,3314710,3319800,0.2373842701452812
ADA-002_SUBCLASSE,3314710,3313999,0.24083546218703705
ADA-002_SUBCLASSE,3314711,3314711,0.0
ADA-002_SUBCLASSE,3314711,3314712,0.2983789696387179
ADA-002_SUBCLASSE,3314712,3314712,0.0
ADA-002_SUBCLASSE,3314712,3314711,0.2983789696387179
ADA-002_SUBCLASSE,3314713,3314713,0.0
ADA-002_SUBCLASSE,3314714,3314714,0.0
ADA-002_SUBCLASSE,3314715,3314715,0.0
ADA-002_SUBCLASSE,3314716,3314716,0.0
ADA-002_SUBCLASSE,3314716,3314717,0.28691148311378256
ADA-002_SUBCLASSE,3314717,3314717,0.0
ADA-002_SUBCLASSE,3314717,2854200,0.28600989381589503
ADA-002_SUBCLASSE,3314717,3314716,0.28691148311378256
ADA-002_SUBCLASSE,3314718,3314718,0.0
ADA-002_SUBCLASSE,3314719,3314719,0.0
ADA-002_SUBCLASSE,3314720,3314720,0.0
ADA-002_SUBCLASSE,3314721,3314721,0.0
ADA-002_SUBCLASSE,3314722,3314722,0.0
ADA-002_SUBCLASSE,3314799,3314799,0.0
ADA-002_SUBCLASSE,3314799,3314710,0.20379066769990242
ADA-002_SUBCLASSE,3314799,3319800,0.25612980383205003
ADA-002_SUBCLASSE,3314799,3313999,0.2695095985135057
ADA-002_SUBCLASSE,3315500,3315500,0.0
ADA-002_SUBCLASSE,3316301,3316301,0.0
ADA-002_SUBCLASSE,3316302,3316302,0.0
ADA-002_SUBCLASSE,3317101,3317101,0.0
ADA-002_SUBCLASSE,3317102,3317102,0.0
ADA-002_SUBCLASSE,3319800,3319800,0.0
ADA-002_SUBCLASSE,3319800,3314710,0.2373842701452812
ADA-002_SUBCLASSE,3319800,3313999,0.24338642178786968
ADA-002_SUBCLASSE,3319800,3314799,0.25612980383205003
ADA-002_SUBCLASSE,3319800,9529199,0.2847469767175429
ADA-002_SUBCLASSE,3321000,3321000,0.0
ADA-002_SUBCLASSE,3329501,3329501,0.0
ADA-002_SUBCLASSE,3329599,3329599,0.0
ADA-002_SUBCLASSE,3511501,3511501,0.0
ADA-002_SUBCLASSE,3511502,3511502,0.0
ADA-002_SUBCLASSE,3512300,3512300,0.0
ADA-002_SUBCLASSE,3513100,3513100,0.0
ADA-002_SUBCLASSE,3513100,4673700,0.2924474152032593
ADA-002_SUBCLASSE,3514000,3514000,0.0
ADA-002_SUBCLASSE,3520401,3520401,0.0
ADA-002_SUBCLASSE,3520402,3520402,0.0
ADA-002_SUBCLASSE,3530100,3530100,0.0
ADA-002_SUBCLASSE,3600601,3600601,0.0
ADA-002_SUBCLASSE,3600602,3600602,0.0
ADA-002_SUBCLASSE,3701100,3701100,0.0
ADA-002_SUBCLASSE,3702900,3702900,0.0
ADA-002_SUBCLASSE,3811400,3811400,0.0
ADA-002_SUBCLASSE,3811400,3812200,0.24857728907010987
ADA-002_SUBCLASSE,3812200,3812200,0.0
ADA-002_SUBCLASSE,3812200,3811400,0.24857728907010987
ADA-002_SUBCLASSE,3821100,3821100,0.0
ADA-002_SUBCLASSE,3821100,3822000,0.22911930923951787
ADA-002_SUBCLASSE,3822000,3822000,0.0
ADA-002_SUBCLASSE,3822000,3821100,0.22911930923951787
ADA-002_SUBCLASSE,3831901,3831901,0.0
ADA-002_SUBCLASSE,3831999,3831999,0.0
ADA-002_SUBCLASSE,3832700,3832700,0.0
ADA-002_SUBCLASSE,3839401,3839401,0.0
ADA-002_SUBCLASSE,3839499,3839499,0.0
ADA-002_SUBCLASSE,3900500,3900500,0.0
ADA-002_SUBCLASSE,4110700,4110700,0.0
ADA-002_SUBCLASSE,4120400,4120400,0.0
ADA-002_SUBCLASSE,4211101,4211101,0.0
ADA-002_SUBCLASSE,4211102,4211102,0.0
ADA-002_SUBCLASSE,4212000,4212000,0.0
ADA-002_SUBCLASSE,4213800,4213800,0.0
ADA-002_SUBCLASSE,4221901,4221901,0.0
ADA-002_SUBCLASSE,4221902,4221902,0.0
ADA-002_SUBCLASSE,4221902,4221904,0.2926922798327258
ADA-002_SUBCLASSE,4221903,4221903,0.0
ADA-002_SUBCLASSE,4221904,4221904,0.0
ADA-002_SUBCLASSE,4221904,4221902,0.2926922798327258
ADA-002_SUBCLASSE,4221904,4221905,0.2986935849999773
ADA-002_SUBCLASSE,4221905,4221905,0.0
ADA-002_SUBCLASSE,4221905,4221904,0.2986935849999773
ADA-002_SUBCLASSE,4222701,4222701,0.0
ADA-002_SUBCLASSE,4222702,4222702,0.0
ADA-002_SUBCLASSE,4223500,4223500,0.0
ADA-002_SUBCLASSE,4291000,4291000,0.0
ADA-002_SUBCLASSE,4292801,4292801,0.0
ADA-002_SUBCLASSE,4292801,2511000,0.25363107066228063
ADA-002_SUBCLASSE,4292802,4292802,0.0
ADA-002_SUBCLASSE,4299501,4299501,0.0
ADA-002_SUBCLASSE,4299599,4299599,0.0
ADA-002_SUBCLASSE,4311801,4311801,0.0
ADA-002_SUBCLASSE,4311802,4311802,0.0
ADA-002_SUBCLASSE,4312600,4312600,0.0
ADA-002_SUBCLASSE,4313400,4313400,0.0
ADA-002_SUBCLASSE,4319300,4319300,0.0
ADA-002_SUBCLASSE,4321500,4321500,0.0
ADA-002_SUBCLASSE,4322301,4322301,0.0
ADA-002_SUBCLASSE,4322302,4322302,0.0
ADA-002_SUBCLASSE,4322303,4322303,0.0
ADA-002_SUBCLASSE,4329101,4329101,0.0
ADA-002_SUBCLASSE,4329102,4329102,0.0
ADA-002_SUBCLASSE,4329103,4329103,0.0
ADA-002_SUBCLASSE,4329104,4329104,0.0
ADA-002_SUBCLASSE,4329105,4329105,0.0
ADA-002_SUBCLASSE,4329199,4329199,0.0
ADA-002_SUBCLASSE,4330401,4330401,0.0
ADA-002_SUBCLASSE,4330402,4330402,0.0
ADA-002_SUBCLASSE,4330403,4330403,0.0
ADA-002_SUBCLASSE,4330404,4330404,0.0
ADA-002_SUBCLASSE,4330405,4330405,0.0
ADA-002_SUBCLASSE,4330499,4330499,0.0
ADA-002_SUBCLASSE,4391600,4391600,0.0
ADA-002_SUBCLASSE,4399101,4399101,0.0
ADA-002_SUBCLASSE,4399102,4399102,0.0
ADA-002_SUBCLASSE,4399103,4399103,0.0
ADA-002_SUBCLASSE,4399104,4399104,0.0
ADA-002_SUBCLASSE,4399105,4399105,0.0
ADA-002_SUBCLASSE,4399199,4399199,0.0
ADA-002_SUBCLASSE,4511101,4511101,0.0
ADA-002_SUBCLASSE,4511101,4511102,0.21409229276576727
ADA-002_SUBCLASSE,4511101,4511103,0.22520054874134057
ADA-002_SUBCLASSE,4511102,4511102,0.0
ADA-002_SUBCLASSE,4511102,4511101,0.21409229276576727
ADA-002_SUBCLASSE,4511102,4511103,0.24263433901880174
ADA-002_SUBCLASSE,4511103,4511103,0.0
ADA-002_SUBCLASSE,4511103,4511101,0.22520054874134057
ADA-002_SUBCLASSE,4511103,4511102,0.24263433901880174
ADA-002_SUBCLASSE,4511103,4511104,0.2530692379772785
ADA-002_SUBCLASSE,4511104,4511104,0.0
ADA-002_SUBCLASSE,4511104,4511103,0.2530692379772785
ADA-002_SUBCLASSE,4511105,4511105,0.0
ADA-002_SUBCLASSE,4511106,4511106,0.0
ADA-002_SUBCLASSE,4512901,4512901,0.0
ADA-002_SUBCLASSE,4512901,4530706,0.2906327854457095
ADA-002_SUBCLASSE,4512902,4512902,0.0
ADA-002_SUBCLASSE,4520001,4520001,0.0
ADA-002_SUBCLASSE,4520001,4520003,0.28413844798982857
ADA-002_SUBCLASSE,4520002,4520002,0.0
ADA-002_SUBCLASSE,4520003,4520003,0.0
ADA-002_SUBCLASSE,4520003,4520001,0.28413844798982857
ADA-002_SUBCLASSE,4520004,4520004,0.0
ADA-002_SUBCLASSE,4520005,4520005,0.0
ADA-002_SUBCLASSE,4520006,4520006,0.0
ADA-002_SUBCLASSE,4520007,4520007,0.0
ADA-002_SUBCLASSE,4520008,4520008,0.0
ADA-002_SUBCLASSE,4530701,4530701,0.0
ADA-002_SUBCLASSE,4530701,4530703,0.19330354093364502
ADA-002_SUBCLASSE,4530701,4530704,0.278830371164542
ADA-002_SUBCLASSE,4530701,4541202,0.2973582090084543
ADA-002_SUBCLASSE,4530702,4530702,0.0
ADA-002_SUBCLASSE,4530702,4530705,0.21264795045268148
ADA-002_SUBCLASSE,4530703,4530703,0.0
ADA-002_SUBCLASSE,4530703,4530701,0.19330354093364502
ADA-002_SUBCLASSE,4530703,4530704,0.2340966046531132
ADA-002_SUBCLASSE,4530703,4541206,0.2569905834195243
ADA-002_SUBCLASSE,4530704,4530704,0.0
ADA-002_SUBCLASSE,4530704,4530703,0.2340966046531132
ADA-002_SUBCLASSE,4530704,4541207,0.23684765054801526
ADA-002_SUBCLASSE,4530704,4530701,0.278830371164542
ADA-002_SUBCLASSE,4530705,4530705,0.0
ADA-002_SUBCLASSE,4530705,4530702,0.21264795045268148
ADA-002_SUBCLASSE,4530706,4530706,0.0
ADA-002_SUBCLASSE,4530706,4512901,0.2906327854457095
ADA-002_SUBCLASSE,4541201,4541201,0.0
ADA-002_SUBCLASSE,4541201,4541202,0.21327730263998326
ADA-002_SUBCLASSE,4541201,4541204,0.2906701176388147
ADA-002_SUBCLASSE,4541202,4541202,0.0
ADA-002_SUBCLASSE,4541202,4541201,0.21327730263998326
ADA-002_SUBCLASSE,4541202,4541206,0.24883305172206796
ADA-002_SUBCLASSE,4541202,4541207,0.2501076071751071
ADA-002_SUBCLASSE,4541202,4530701,0.2973582090084543
ADA-002_SUBCLASSE,4541203,4541203,0.0
ADA-002_SUBCLASSE,4541203,4541204,0.238053050608469
ADA-002_SUBCLASSE,4541203,4541206,0.23817368954031026
ADA-002_SUBCLASSE,4541204,4541204,0.0
ADA-002_SUBCLASSE,4541204,4541203,0.238053050608469
ADA-002_SUBCLASSE,4541204,4541207,0.24439789936494938
ADA-002_SUBCLASSE,4541204,4541201,0.2906701176388147
ADA-002_SUBCLASSE,4541206,4541206,0.0
ADA-002_SUBCLASSE,4541206,4541207,0.2233081574935973
ADA-002_SUBCLASSE,4541206,4541203,0.23817368954031026
ADA-002_SUBCLASSE,4541206,4541202,0.24883305172206796
ADA-002_SUBCLASSE,4541206,4530703,0.2569905834195243
ADA-002_SUBCLASSE,4541207,4541207,0.0
ADA-002_SUBCLASSE,4541207,4541206,0.2233081574935973
ADA-002_SUBCLASSE,4541207,4530704,0.23684765054801526
ADA-002_SUBCLASSE,4541207,4541204,0.24439789936494938
ADA-002_SUBCLASSE,4541207,4541202,0.2501076071751071
ADA-002_SUBCLASSE,4542101,4542101,0.0
ADA-002_SUBCLASSE,4542102,4542102,0.0
ADA-002_SUBCLASSE,4543900,4543900,0.0
ADA-002_SUBCLASSE,4611700,4611700,0.0
ADA-002_SUBCLASSE,4612500,4612500,0.0
ADA-002_SUBCLASSE,4613300,4613300,0.0
ADA-002_SUBCLASSE,4614100,4614100,0.0
ADA-002_SUBCLASSE,4615000,4615000,0.0
ADA-002_SUBCLASSE,4616800,4616800,0.0
ADA-002_SUBCLASSE,4617600,4617600,0.0
ADA-002_SUBCLASSE,4618401,4618401,0.0
ADA-002_SUBCLASSE,4618402,4618402,0.0
ADA-002_SUBCLASSE,4618403,4618403,0.0
ADA-002_SUBCLASSE,4618499,4618499,0.0
ADA-002_SUBCLASSE,4619200,4619200,0.0
ADA-002_SUBCLASSE,4621400,4621400,0.0
ADA-002_SUBCLASSE,4622200,4622200,0.0
ADA-002_SUBCLASSE,4623101,4623101,0.0
ADA-002_SUBCLASSE,4623101,4623109,0.23944538435871998
ADA-002_SUBCLASSE,4623101,4633803,0.2772880711907946
ADA-002_SUBCLASSE,4623102,4623102,0.0
ADA-002_SUBCLASSE,4623103,4623103,0.0
ADA-002_SUBCLASSE,4623103,4641901,0.29321161921145394
ADA-002_SUBCLASSE,4623104,4623104,0.0
ADA-002_SUBCLASSE,4623105,4623105,0.0
ADA-002_SUBCLASSE,4623106,4623106,0.0
ADA-002_SUBCLASSE,4623107,4623107,0.0
ADA-002_SUBCLASSE,4623108,4623108,0.0
ADA-002_SUBCLASSE,4623108,4639702,0.2662449083773945
ADA-002_SUBCLASSE,4623108,4635403,0.29874204289506634
ADA-002_SUBCLASSE,4623109,4623109,0.0
ADA-002_SUBCLASSE,4623109,4623101,0.23944538435871998
ADA-002_SUBCLASSE,4623109,4634699,0.2880836802018943
ADA-002_SUBCLASSE,4623199,4623199,0.0
ADA-002_SUBCLASSE,4631100,4631100,0.0
ADA-002_SUBCLASSE,4632001,4632001,0.0
ADA-002_SUBCLASSE,4632002,4632002,0.0
ADA-002_SUBCLASSE,4632003,4632003,0.0
ADA-002_SUBCLASSE,4633801,4633801,0.0
ADA-002_SUBCLASSE,4633802,4633802,0.0
ADA-002_SUBCLASSE,4633802,4634602,0.28535555354584813
ADA-002_SUBCLASSE,4633803,4633803,0.0
ADA-002_SUBCLASSE,4633803,4623101,0.2772880711907946
ADA-002_SUBCLASSE,4634601,4634601,0.0
ADA-002_SUBCLASSE,4634601,4634699,0.23527962902346458
ADA-002_SUBCLASSE,4634602,4634602,0.0
ADA-002_SUBCLASSE,4634602,4633802,0.28535555354584813
ADA-002_SUBCLASSE,4634603,4634603,0.0
ADA-002_SUBCLASSE,4634699,4634699,0.0
ADA-002_SUBCLASSE,4634699,4634601,0.23527962902346458
ADA-002_SUBCLASSE,4634699,4623109,0.2880836802018943
ADA-002_SUBCLASSE,4635401,4635401,0.0
ADA-002_SUBCLASSE,4635402,4635402,0.0
ADA-002_SUBCLASSE,4635403,4635403,0.0
ADA-002_SUBCLASSE,4635403,4639702,0.29597002969493996
ADA-002_SUBCLASSE,4635403,4623108,0.29874204289506634
ADA-002_SUBCLASSE,4635499,4635499,0.0
ADA-002_SUBCLASSE,4636201,4636201,0.0
ADA-002_SUBCLASSE,4636202,4636202,0.0
ADA-002_SUBCLASSE,4637101,4637101,0.0
ADA-002_SUBCLASSE,4637102,4637102,0.0
ADA-002_SUBCLASSE,4637103,4637103,0.0
ADA-002_SUBCLASSE,4637104,4637104,0.0
ADA-002_SUBCLASSE,4637105,4637105,0.0
ADA-002_SUBCLASSE,4637105,4639701,0.27782820082014054
ADA-002_SUBCLASSE,4637106,4637106,0.0
ADA-002_SUBCLASSE,4637107,4637107,0.0
ADA-002_SUBCLASSE,4637107,4721104,0.2177076445386456
ADA-002_SUBCLASSE,4637199,4637199,0.0
ADA-002_SUBCLASSE,4637199,4689399,0.23940303058052498
ADA-002_SUBCLASSE,4637199,4729699,0.265264083613821
ADA-002_SUBCLASSE,4637199,4789099,0.28171174533076915
ADA-002_SUBCLASSE,4639701,4639701,0.0
ADA-002_SUBCLASSE,4639701,4691500,0.2208088792650349
ADA-002_SUBCLASSE,4639701,4637105,0.27782820082014054
ADA-002_SUBCLASSE,4639702,4639702,0.0
ADA-002_SUBCLASSE,4639702,4623108,0.2662449083773945
ADA-002_SUBCLASSE,4639702,4635403,0.29597002969493996
ADA-002_SUBCLASSE,4641901,4641901,0.0
ADA-002_SUBCLASSE,4641901,4755501,0.2184234542102793
ADA-002_SUBCLASSE,4641901,4623103,0.29321161921145394
ADA-002_SUBCLASSE,4641902,4641902,0.0
ADA-002_SUBCLASSE,4641902,4755503,0.22482927202841282
ADA-002_SUBCLASSE,4641902,4649404,0.291406006110847
ADA-002_SUBCLASSE,4641903,4641903,0.0
ADA-002_SUBCLASSE,4641903,4755502,0.24183472716114585
ADA-002_SUBCLASSE,4642701,4642701,0.0
ADA-002_SUBCLASSE,4642702,4642702,0.0
ADA-002_SUBCLASSE,4643501,4643501,0.0
ADA-002_SUBCLASSE,4643501,4782201,0.24305402942419022
ADA-002_SUBCLASSE,4643502,4643502,0.0
ADA-002_SUBCLASSE,4644301,4644301,0.0
ADA-002_SUBCLASSE,4644301,4644302,0.25871594553547533
ADA-002_SUBCLASSE,4644302,4644302,0.0
ADA-002_SUBCLASSE,4644302,4771704,0.25440777662553293
ADA-002_SUBCLASSE,4644302,4644301,0.25871594553547533
ADA-002_SUBCLASSE,4645101,4645101,0.0
ADA-002_SUBCLASSE,4645102,4645102,0.0
ADA-002_SUBCLASSE,4645102,4773300,0.2930171003510088
ADA-002_SUBCLASSE,4645103,4645103,0.0
ADA-002_SUBCLASSE,4646001,4646001,0.0
ADA-002_SUBCLASSE,4646001,4772500,0.2980578726407257
ADA-002_SUBCLASSE,4646002,4646002,0.0
ADA-002_SUBCLASSE,4646002,4649408,0.2662364112430995
ADA-002_SUBCLASSE,4647801,4647801,0.0
ADA-002_SUBCLASSE,4647801,4761003,0.25435461279021204
ADA-002_SUBCLASSE,4647801,4687701,0.29918775287594557
ADA-002_SUBCLASSE,4647802,4647802,0.0
ADA-002_SUBCLASSE,4647802,4761002,0.29480149723357635
ADA-002_SUBCLASSE,4649401,4649401,0.0
ADA-002_SUBCLASSE,4649401,4649402,0.22870994933598246
ADA-002_SUBCLASSE,4649402,4649402,0.0
ADA-002_SUBCLASSE,4649402,4649401,0.22870994933598246
ADA-002_SUBCLASSE,4649403,4649403,0.0
ADA-002_SUBCLASSE,4649404,4649404,0.0
ADA-002_SUBCLASSE,4649404,4754702,0.27664681779347505
ADA-002_SUBCLASSE,4649404,4641902,0.291406006110847
ADA-002_SUBCLASSE,4649405,4649405,0.0
ADA-002_SUBCLASSE,4649405,4759801,0.21678654198294042
ADA-002_SUBCLASSE,4649406,4649406,0.0
ADA-002_SUBCLASSE,4649407,4649407,0.0
ADA-002_SUBCLASSE,4649407,4762800,0.24024062988463926
ADA-002_SUBCLASSE,4649408,4649408,0.0
ADA-002_SUBCLASSE,4649408,4646002,0.2662364112430995
ADA-002_SUBCLASSE,4649408,4649409,0.296173808862038
ADA-002_SUBCLASSE,4649409,4649409,0.0
ADA-002_SUBCLASSE,4649409,4649408,0.296173808862038
ADA-002_SUBCLASSE,4649410,4649410,0.0
ADA-002_SUBCLASSE,4649499,4649499,0.0
ADA-002_SUBCLASSE,4649499,4759899,0.2676015043357722
ADA-002_SUBCLASSE,4651601,4651601,0.0
ADA-002_SUBCLASSE,4651601,4651602,0.22197140274100868
ADA-002_SUBCLASSE,4651601,4751201,0.2665470215638792
ADA-002_SUBCLASSE,4651602,4651602,0.0
ADA-002_SUBCLASSE,4651602,4651601,0.22197140274100868
ADA-002_SUBCLASSE,4651602,4751201,0.27726384045961466
ADA-002_SUBCLASSE,4652400,4652400,0.0
ADA-002_SUBCLASSE,4652400,4752100,0.2985950356629192
ADA-002_SUBCLASSE,4661300,4661300,0.0
ADA-002_SUBCLASSE,4661300,4665600,0.19010620198685646
ADA-002_SUBCLASSE,4661300,4663000,0.19998915444863588
ADA-002_SUBCLASSE,4661300,4662100,0.25859877737251247
ADA-002_SUBCLASSE,4661300,4664800,0.2713147481203098
ADA-002_SUBCLASSE,4662100,4662100,0.0
ADA-002_SUBCLASSE,4662100,4661300,0.25859877737251247
ADA-002_SUBCLASSE,4662100,4665600,0.2589858630822102
ADA-002_SUBCLASSE,4662100,4663000,0.2600398557530556
ADA-002_SUBCLASSE,4663000,4663000,0.0
ADA-002_SUBCLASSE,4663000,4665600,0.0898658490021541
ADA-002_SUBCLASSE,4663000,4661300,0.19998915444863588
ADA-002_SUBCLASSE,4663000,4662100,0.2600398557530556
ADA-002_SUBCLASSE,4663000,4664800,0.2866140568187497
ADA-002_SUBCLASSE,4663000,4669999,0.29306393677874176
ADA-002_SUBCLASSE,4664800,4664800,0.0
ADA-002_SUBCLASSE,4664800,4661300,0.2713147481203098
ADA-002_SUBCLASSE,4664800,4665600,0.27894558087447474
ADA-002_SUBCLASSE,4664800,4663000,0.2866140568187497
ADA-002_SUBCLASSE,4665600,4665600,0.0
ADA-002_SUBCLASSE,4665600,4663000,0.0898658490021541
ADA-002_SUBCLASSE,4665600,4661300,0.19010620198685646
ADA-002_SUBCLASSE,4665600,4662100,0.2589858630822102
ADA-002_SUBCLASSE,4665600,4664800,0.27894558087447474
ADA-002_SUBCLASSE,4665600,4669999,0.29138636933297757
ADA-002_SUBCLASSE,4669901,4669901,0.0
ADA-002_SUBCLASSE,4669999,4669999,0.0
ADA-002_SUBCLASSE,4669999,4665600,0.29138636933297757
ADA-002_SUBCLASSE,4669999,4663000,0.29306393677874176
ADA-002_SUBCLASSE,4671100,4671100,0.0
ADA-002_SUBCLASSE,4672900,4672900,0.0
ADA-002_SUBCLASSE,4672900,4744001,0.20598058706155223
ADA-002_SUBCLASSE,4673700,4673700,0.0
ADA-002_SUBCLASSE,4673700,4742300,0.22938345869814483
ADA-002_SUBCLASSE,4673700,3513100,0.2924474152032593
ADA-002_SUBCLASSE,4674500,4674500,0.0
ADA-002_SUBCLASSE,4679601,4679601,0.0
ADA-002_SUBCLASSE,4679601,4741500,0.2928148435212237
ADA-002_SUBCLASSE,4679602,4679602,0.0
ADA-002_SUBCLASSE,4679603,4679603,0.0
ADA-002_SUBCLASSE,4679603,4743100,0.2726117564971564
ADA-002_SUBCLASSE,4679604,4679604,0.0
ADA-002_SUBCLASSE,4679604,4744005,0.21705183508181827
ADA-002_SUBCLASSE,4679699,4679699,0.0
ADA-002_SUBCLASSE,4679699,4744099,0.22905154058552146
ADA-002_SUBCLASSE,4681801,4681801,0.0
ADA-002_SUBCLASSE,4681802,4681802,0.0
ADA-002_SUBCLASSE,4681803,4681803,0.0
ADA-002_SUBCLASSE,4681804,4681804,0.0
ADA-002_SUBCLASSE,4681805,4681805,0.0
ADA-002_SUBCLASSE,4681805,4732600,0.2332763065744698
ADA-002_SUBCLASSE,4682600,4682600,0.0
ADA-002_SUBCLASSE,4682600,4784900,0.206936909213908
ADA-002_SUBCLASSE,4683400,4683400,0.0
ADA-002_SUBCLASSE,4684201,4684201,0.0
ADA-002_SUBCLASSE,4684202,4684202,0.0
ADA-002_SUBCLASSE,4684299,4684299,0.0
ADA-002_SUBCLASSE,4685100,4685100,0.0
ADA-002_SUBCLASSE,4686901,4686901,0.0
ADA-002_SUBCLASSE,4686901,4687701,0.25944973491058476
ADA-002_SUBCLASSE,4686902,4686902,0.0
ADA-002_SUBCLASSE,4687701,4687701,0.0
ADA-002_SUBCLASSE,4687701,4686901,0.25944973491058476
ADA-002_SUBCLASSE,4687701,4647801,0.29918775287594557
ADA-002_SUBCLASSE,4687702,4687702,0.0
ADA-002_SUBCLASSE,4687703,4687703,0.0
ADA-002_SUBCLASSE,4689301,4689301,0.0
ADA-002_SUBCLASSE,4689302,4689302,0.0
ADA-002_SUBCLASSE,4689399,4689399,0.0
ADA-002_SUBCLASSE,4689399,4637199,0.23940303058052498
ADA-002_SUBCLASSE,4689399,4789099,0.28217304269976085
ADA-002_SUBCLASSE,4691500,4691500,0.0
ADA-002_SUBCLASSE,4691500,4639701,0.2208088792650349
ADA-002_SUBCLASSE,4691500,4692300,0.24446652183810755
ADA-002_SUBCLASSE,4691500,4693100,0.2660860513644779
ADA-002_SUBCLASSE,4691500,4711302,0.2749379638802793
ADA-002_SUBCLASSE,4691500,4711301,0.2926900403466448
ADA-002_SUBCLASSE,4692300,4692300,0.0
ADA-002_SUBCLASSE,4692300,4693100,0.2350906554332157
ADA-002_SUBCLASSE,4692300,4691500,0.24446652183810755
ADA-002_SUBCLASSE,4693100,4693100,0.0
ADA-002_SUBCLASSE,4693100,4692300,0.2350906554332157
ADA-002_SUBCLASSE,4693100,4691500,0.2660860513644779
ADA-002_SUBCLASSE,4711301,4711301,0.0
ADA-002_SUBCLASSE,4711301,4711302,0.1712570566422312
ADA-002_SUBCLASSE,4711301,4712100,0.25369607108019143
ADA-002_SUBCLASSE,4711301,4691500,0.2926900403466448
ADA-002_SUBCLASSE,4711302,4711302,0.0
ADA-002_SUBCLASSE,4711302,4711301,0.1712570566422312
ADA-002_SUBCLASSE,4711302,4712100,0.22541280517358658
ADA-002_SUBCLASSE,4711302,4691500,0.2749379638802793
ADA-002_SUBCLASSE,4712100,4712100,0.0
ADA-002_SUBCLASSE,4712100,4711302,0.22541280517358658
ADA-002_SUBCLASSE,4712100,4711301,0.25369607108019143
ADA-002_SUBCLASSE,4713002,4713002,0.0
ADA-002_SUBCLASSE,4713004,4713004,0.0
ADA-002_SUBCLASSE,4713005,4713005,0.0
ADA-002_SUBCLASSE,4721102,4721102,0.0
ADA-002_SUBCLASSE,4721103,4721103,0.0
ADA-002_SUBCLASSE,4721104,4721104,0.0
ADA-002_SUBCLASSE,4721104,4637107,0.2177076445386456
ADA-002_SUBCLASSE,4722901,4722901,0.0
ADA-002_SUBCLASSE,4722902,4722902,0.0
ADA-002_SUBCLASSE,4723700,4723700,0.0
ADA-002_SUBCLASSE,4724500,4724500,0.0
ADA-002_SUBCLASSE,4729601,4729601,0.0
ADA-002_SUBCLASSE,4729602,4729602,0.0
ADA-002_SUBCLASSE,4729699,4729699,0.0
ADA-002_SUBCLASSE,4729699,4637199,0.265264083613821
ADA-002_SUBCLASSE,4731800,4731800,0.0
ADA-002_SUBCLASSE,4732600,4732600,0.0
ADA-002_SUBCLASSE,4732600,4681805,0.2332763065744698
ADA-002_SUBCLASSE,4741500,4741500,0.0
ADA-002_SUBCLASSE,4741500,4679601,0.2928148435212237
ADA-002_SUBCLASSE,4742300,4742300,0.0
ADA-002_SUBCLASSE,4742300,4673700,0.22938345869814483
ADA-002_SUBCLASSE,4743100,4743100,0.0
ADA-002_SUBCLASSE,4743100,4679603,0.2726117564971564
ADA-002_SUBCLASSE,4744001,4744001,0.0
ADA-002_SUBCLASSE,4744001,4672900,0.20598058706155223
ADA-002_SUBCLASSE,4744002,4744002,0.0
ADA-002_SUBCLASSE,4744002,4789003,0.2929503063046221
ADA-002_SUBCLASSE,4744003,4744003,0.0
ADA-002_SUBCLASSE,4744004,4744004,0.0
ADA-002_SUBCLASSE,4744005,4744005,0.0
ADA-002_SUBCLASSE,4744005,4679604,0.21705183508181827
ADA-002_SUBCLASSE,4744005,4789099,0.295964809908603
ADA-002_SUBCLASSE,4744006,4744006,0.0
ADA-002_SUBCLASSE,4744099,4744099,0.0
ADA-002_SUBCLASSE,4744099,4679699,0.22905154058552146
ADA-002_SUBCLASSE,4751201,4751201,0.0
ADA-002_SUBCLASSE,4751201,4651601,0.2665470215638792
ADA-002_SUBCLASSE,4751201,4651602,0.27726384045961466
ADA-002_SUBCLASSE,4751202,4751202,0.0
ADA-002_SUBCLASSE,4752100,4752100,0.0
ADA-002_SUBCLASSE,4752100,4652400,0.2985950356629192
ADA-002_SUBCLASSE,4753900,4753900,0.0
ADA-002_SUBCLASSE,4754701,4754701,0.0
ADA-002_SUBCLASSE,4754701,4755502,0.29894262360594215
ADA-002_SUBCLASSE,4754702,4754702,0.0
ADA-002_SUBCLASSE,4754702,4649404,0.27664681779347505
ADA-002_SUBCLASSE,4754703,4754703,0.0
ADA-002_SUBCLASSE,4755501,4755501,0.0
ADA-002_SUBCLASSE,4755501,4641901,0.2184234542102793
ADA-002_SUBCLASSE,4755502,4755502,0.0
ADA-002_SUBCLASSE,4755502,4641903,0.24183472716114585
ADA-002_SUBCLASSE,4755502,4754701,0.29894262360594215
ADA-002_SUBCLASSE,4755503,4755503,0.0
ADA-002_SUBCLASSE,4755503,4641902,0.22482927202841282
ADA-002_SUBCLASSE,4756300,4756300,0.0
ADA-002_SUBCLASSE,4757100,4757100,0.0
ADA-002_SUBCLASSE,4759801,4759801,0.0
ADA-002_SUBCLASSE,4759801,4649405,0.21678654198294042
ADA-002_SUBCLASSE,4759899,4759899,0.0
ADA-002_SUBCLASSE,4759899,4789099,0.2560467242193712
ADA-002_SUBCLASSE,4759899,4649499,0.2676015043357722
ADA-002_SUBCLASSE,4761001,4761001,0.0
ADA-002_SUBCLASSE,4761002,4761002,0.0
ADA-002_SUBCLASSE,4761002,4761003,0.2888775603661647
ADA-002_SUBCLASSE,4761002,4647802,0.29480149723357635
ADA-002_SUBCLASSE,4761003,4761003,0.0
ADA-002_SUBCLASSE,4761003,4647801,0.25435461279021204
ADA-002_SUBCLASSE,4761003,4761002,0.2888775603661647
ADA-002_SUBCLASSE,4762800,4762800,0.0
ADA-002_SUBCLASSE,4762800,4649407,0.24024062988463926
ADA-002_SUBCLASSE,4763601,4763601,0.0
ADA-002_SUBCLASSE,4763602,4763602,0.0
ADA-002_SUBCLASSE,4763603,4763603,0.0
ADA-002_SUBCLASSE,4763604,4763604,0.0
ADA-002_SUBCLASSE,4763605,4763605,0.0
ADA-002_SUBCLASSE,4771701,4771701,0.0
ADA-002_SUBCLASSE,4771701,4771702,0.23905123958298488
ADA-002_SUBCLASSE,4771702,4771702,0.0
ADA-002_SUBCLASSE,4771702,4771701,0.23905123958298488
ADA-002_SUBCLASSE,4771703,4771703,0.0
ADA-002_SUBCLASSE,4771704,4771704,0.0
ADA-002_SUBCLASSE,4771704,4644302,0.25440777662553293
ADA-002_SUBCLASSE,4772500,4772500,0.0
ADA-002_SUBCLASSE,4772500,2063100,0.27975584367291706
ADA-002_SUBCLASSE,4772500,4646001,0.2980578726407257
ADA-002_SUBCLASSE,4773300,4773300,0.0
ADA-002_SUBCLASSE,4773300,4645102,0.2930171003510088
ADA-002_SUBCLASSE,4774100,4774100,0.0
ADA-002_SUBCLASSE,4781400,4781400,0.0
ADA-002_SUBCLASSE,4782201,4782201,0.0
ADA-002_SUBCLASSE,4782201,4643501,0.24305402942419022
ADA-002_SUBCLASSE,4782202,4782202,0.0
ADA-002_SUBCLASSE,4783101,4783101,0.0
ADA-002_SUBCLASSE,4783101,4783102,0.23648934535307936
ADA-002_SUBCLASSE,4783102,4783102,0.0
ADA-002_SUBCLASSE,4783102,4783101,0.23648934535307936
ADA-002_SUBCLASSE,4784900,4784900,0.0
ADA-002_SUBCLASSE,4784900,4682600,0.206936909213908
ADA-002_SUBCLASSE,4785701,4785701,0.0
ADA-002_SUBCLASSE,4785799,4785799,0.0
ADA-002_SUBCLASSE,4789001,4789001,0.0
ADA-002_SUBCLASSE,4789002,4789002,0.0
ADA-002_SUBCLASSE,4789003,4789003,0.0
ADA-002_SUBCLASSE,4789003,4744002,0.2929503063046221
ADA-002_SUBCLASSE,4789004,4789004,0.0
ADA-002_SUBCLASSE,4789005,4789005,0.0
ADA-002_SUBCLASSE,4789006,4789006,0.0
ADA-002_SUBCLASSE,4789007,4789007,0.0
ADA-002_SUBCLASSE,4789008,4789008,0.0
ADA-002_SUBCLASSE,4789009,4789009,0.0
ADA-002_SUBCLASSE,4789099,4789099,0.0
ADA-002_SUBCLASSE,4789099,4759899,0.2560467242193712
ADA-002_SUBCLASSE,4789099,4637199,0.28171174533076915
ADA-002_SUBCLASSE,4789099,4689399,0.28217304269976085
ADA-002_SUBCLASSE,4789099,4744005,0.295964809908603
ADA-002_SUBCLASSE,4911600,4911600,0.0
ADA-002_SUBCLASSE,4912401,4912401,0.0
ADA-002_SUBCLASSE,4912401,4912402,0.2648215766592376
ADA-002_SUBCLASSE,4912402,4912402,0.0
ADA-002_SUBCLASSE,4912402,4912401,0.2648215766592376
ADA-002_SUBCLASSE,4912403,4912403,0.0
ADA-002_SUBCLASSE,4921301,4921301,0.0
ADA-002_SUBCLASSE,4921301,4921302,0.23223337956716839
ADA-002_SUBCLASSE,4921301,4922102,0.2579076945524724
ADA-002_SUBCLASSE,4921301,4929901,0.26593837821121585
ADA-002_SUBCLASSE,4921301,4922103,0.27197814246794494
ADA-002_SUBCLASSE,4921302,4921302,0.0
ADA-002_SUBCLASSE,4921302,4922101,0.2114729047465852
ADA-002_SUBCLASSE,4921302,4922102,0.22867946991957167
ADA-002_SUBCLASSE,4921302,4921301,0.23223337956716839
ADA-002_SUBCLASSE,4921302,4922103,0.2790207232629329
ADA-002_SUBCLASSE,4922101,4922101,0.0
ADA-002_SUBCLASSE,4922101,4921302,0.2114729047465852
ADA-002_SUBCLASSE,4922101,4922102,0.26883242693491777
ADA-002_SUBCLASSE,4922102,4922102,0.0
ADA-002_SUBCLASSE,4922102,4921302,0.22867946991957167
ADA-002_SUBCLASSE,4922102,4922103,0.24502404275357373
ADA-002_SUBCLASSE,4922102,4921301,0.2579076945524724
ADA-002_SUBCLASSE,4922102,4922101,0.26883242693491777
ADA-002_SUBCLASSE,4922103,4922103,0.0
ADA-002_SUBCLASSE,4922103,4922102,0.24502404275357373
ADA-002_SUBCLASSE,4922103,4921301,0.27197814246794494
ADA-002_SUBCLASSE,4922103,4921302,0.2790207232629329
ADA-002_SUBCLASSE,4923001,4923001,0.0
ADA-002_SUBCLASSE,4923002,4923002,0.0
ADA-002_SUBCLASSE,4924800,4924800,0.0
ADA-002_SUBCLASSE,4929901,4929901,0.0
ADA-002_SUBCLASSE,4929901,4921301,0.26593837821121585
ADA-002_SUBCLASSE,4929901,4929902,0.2727096472652076
ADA-002_SUBCLASSE,4929902,4929902,0.0
ADA-002_SUBCLASSE,4929902,4929901,0.2727096472652076
ADA-002_SUBCLASSE,4929903,4929903,0.0
ADA-002_SUBCLASSE,4929904,4929904,0.0
ADA-002_SUBCLASSE,4929999,4929999,0.0
ADA-002_SUBCLASSE,4929999,5099899,0.29512984197153996
ADA-002_SUBCLASSE,4930201,4930201,0.0
ADA-002_SUBCLASSE,4930201,4930202,0.28557782752511696
ADA-002_SUBCLASSE,4930202,4930202,0.0
ADA-002_SUBCLASSE,4930202,4930201,0.28557782752511696
ADA-002_SUBCLASSE,4930203,4930203,0.0
ADA-002_SUBCLASSE,4930204,4930204,0.0
ADA-002_SUBCLASSE,4940000,4940000,0.0
ADA-002_SUBCLASSE,4950700,4950700,0.0
ADA-002_SUBCLASSE,5011401,5011401,0.0
ADA-002_SUBCLASSE,5011401,5011402,0.27902637903166444
ADA-002_SUBCLASSE,5011401,5012201,0.2927893716916751
ADA-002_SUBCLASSE,5011402,5011402,0.0
ADA-002_SUBCLASSE,5011402,5011401,0.27902637903166444
ADA-002_SUBCLASSE,5011402,5012202,0.2841191461615605
ADA-002_SUBCLASSE,5012201,5012201,0.0
ADA-002_SUBCLASSE,5012201,5012202,0.26397350846578305
ADA-002_SUBCLASSE,5012201,5011401,0.2927893716916751
ADA-002_SUBCLASSE,5012202,5012202,0.0
ADA-002_SUBCLASSE,5012202,5012201,0.26397350846578305
ADA-002_SUBCLASSE,5012202,5011402,0.2841191461615605
ADA-002_SUBCLASSE,5021101,5021101,0.0
ADA-002_SUBCLASSE,5021101,5021102,0.19091764240698594
ADA-002_SUBCLASSE,5021101,5022001,0.23976284410821985
ADA-002_SUBCLASSE,5021101,5022002,0.27554764175791885
ADA-002_SUBCLASSE,5021102,5021102,0.0
ADA-002_SUBCLASSE,5021102,5021101,0.19091764240698594
ADA-002_SUBCLASSE,5021102,5022002,0.21783543493619154
ADA-002_SUBCLASSE,5021102,5022001,0.2862882018574963
ADA-002_SUBCLASSE,5021102,5091202,0.2967001303587809
ADA-002_SUBCLASSE,5022001,5022001,0.0
ADA-002_SUBCLASSE,5022001,5022002,0.17301114927263925
ADA-002_SUBCLASSE,5022001,5021101,0.23976284410821985
ADA-002_SUBCLASSE,5022001,5021102,0.2862882018574963
ADA-002_SUBCLASSE,5022002,5022002,0.0
ADA-002_SUBCLASSE,5022002,5022001,0.17301114927263925
ADA-002_SUBCLASSE,5022002,5021102,0.21783543493619154
ADA-002_SUBCLASSE,5022002,5021101,0.27554764175791885
ADA-002_SUBCLASSE,5030101,5030101,0.0
ADA-002_SUBCLASSE,5030101,5030102,0.2735642919792017
ADA-002_SUBCLASSE,5030102,5030102,0.0
ADA-002_SUBCLASSE,5030102,5030101,0.2735642919792017
ADA-002_SUBCLASSE,5030103,5030103,0.0
ADA-002_SUBCLASSE,5091201,5091201,0.0
ADA-002_SUBCLASSE,5091202,5091202,0.0
ADA-002_SUBCLASSE,5091202,5021102,0.2967001303587809
ADA-002_SUBCLASSE,5099801,5099801,0.0
ADA-002_SUBCLASSE,5099899,5099899,0.0
ADA-002_SUBCLASSE,5099899,5239799,0.28779467174876655
ADA-002_SUBCLASSE,5099899,4929999,0.29512984197153996
ADA-002_SUBCLASSE,5111100,5111100,0.0
ADA-002_SUBCLASSE,5112901,5112901,0.0
ADA-002_SUBCLASSE,5112999,5112999,0.0
ADA-002_SUBCLASSE,5120000,5120000,0.0
ADA-002_SUBCLASSE,5130700,5130700,0.0
ADA-002_SUBCLASSE,5211701,5211701,0.0
ADA-002_SUBCLASSE,5211702,5211702,0.0
ADA-002_SUBCLASSE,5211799,5211799,0.0
ADA-002_SUBCLASSE,5212500,5212500,0.0
ADA-002_SUBCLASSE,5221400,5221400,0.0
ADA-002_SUBCLASSE,5222200,5222200,0.0
ADA-002_SUBCLASSE,5223100,5223100,0.0
ADA-002_SUBCLASSE,5229001,5229001,0.0
ADA-002_SUBCLASSE,5229002,5229002,0.0
ADA-002_SUBCLASSE,5229099,5229099,0.0
ADA-002_SUBCLASSE,5229099,5239799,0.2919037342648533
ADA-002_SUBCLASSE,5231101,5231101,0.0
ADA-002_SUBCLASSE,5231102,5231102,0.0
ADA-002_SUBCLASSE,5231103,5231103,0.0
ADA-002_SUBCLASSE,5232000,5232000,0.0
ADA-002_SUBCLASSE,5239701,5239701,0.0
ADA-002_SUBCLASSE,5239799,5239799,0.0
ADA-002_SUBCLASSE,5239799,5099899,0.28779467174876655
ADA-002_SUBCLASSE,5239799,5229099,0.2919037342648533
ADA-002_SUBCLASSE,5240101,5240101,0.0
ADA-002_SUBCLASSE,5240199,5240199,0.0
ADA-002_SUBCLASSE,5250801,5250801,0.0
ADA-002_SUBCLASSE,5250802,5250802,0.0
ADA-002_SUBCLASSE,5250803,5250803,0.0
ADA-002_SUBCLASSE,5250804,5250804,0.0
ADA-002_SUBCLASSE,5250805,5250805,0.0
ADA-002_SUBCLASSE,5310501,5310501,0.0
ADA-002_SUBCLASSE,5310502,5310502,0.0
ADA-002_SUBCLASSE,5320201,5320201,0.0
ADA-002_SUBCLASSE,5320202,5320202,0.0
ADA-002_SUBCLASSE,5510801,5510801,0.0
ADA-002_SUBCLASSE,5510802,5510802,0.0
ADA-002_SUBCLASSE,5510803,5510803,0.0
ADA-002_SUBCLASSE,5590601,5590601,0.0
ADA-002_SUBCLASSE,5590602,5590602,0.0
ADA-002_SUBCLASSE,5590603,5590603,0.0
ADA-002_SUBCLASSE,5590699,5590699,0.0
ADA-002_SUBCLASSE,5611201,5611201,0.0
ADA-002_SUBCLASSE,5611203,5611203,0.0
ADA-002_SUBCLASSE,5611204,5611204,0.0
ADA-002_SUBCLASSE,5611204,5611205,0.29732909019996173
ADA-002_SUBCLASSE,5611205,5611205,0.0
ADA-002_SUBCLASSE,5611205,5611204,0.29732909019996173
ADA-002_SUBCLASSE,5612100,5612100,0.0
ADA-002_SUBCLASSE,5620101,5620101,0.0
ADA-002_SUBCLASSE,5620102,5620102,0.0
ADA-002_SUBCLASSE,5620103,5620103,0.0
ADA-002_SUBCLASSE,5620104,5620104,0.0
ADA-002_SUBCLASSE,5811500,5811500,0.0
ADA-002_SUBCLASSE,5812301,5812301,0.0
ADA-002_SUBCLASSE,5812301,5812302,0.2608625721883319
ADA-002_SUBCLASSE,5812302,5812302,0.0
ADA-002_SUBCLASSE,5812302,5812301,0.2608625721883319
ADA-002_SUBCLASSE,5812302,5822102,0.2812926906357633
ADA-002_SUBCLASSE,5813100,5813100,0.0
ADA-002_SUBCLASSE,5819100,5819100,0.0
ADA-002_SUBCLASSE,5819100,5829800,0.2905999981133231
ADA-002_SUBCLASSE,5821200,5821200,0.0
ADA-002_SUBCLASSE,5821200,5823900,0.22929942704184914
ADA-002_SUBCLASSE,5822101,5822101,0.0
ADA-002_SUBCLASSE,5822101,5822102,0.17818337144465232
ADA-002_SUBCLASSE,5822101,5823900,0.2566519508198013
ADA-002_SUBCLASSE,5822102,5822102,0.0
ADA-002_SUBCLASSE,5822102,5822101,0.17818337144465232
ADA-002_SUBCLASSE,5822102,5812302,0.2812926906357633
ADA-002_SUBCLASSE,5822102,5823900,0.2928933692463076
ADA-002_SUBCLASSE,5823900,5823900,0.0
ADA-002_SUBCLASSE,5823900,5821200,0.22929942704184914
ADA-002_SUBCLASSE,5823900,5822101,0.2566519508198013
ADA-002_SUBCLASSE,5823900,5822102,0.2928933692463076
ADA-002_SUBCLASSE,5829800,5829800,0.0
ADA-002_SUBCLASSE,5829800,5819100,0.2905999981133231
ADA-002_SUBCLASSE,5911101,5911101,0.0
ADA-002_SUBCLASSE,5911102,5911102,0.0
ADA-002_SUBCLASSE,5911199,5911199,0.0
ADA-002_SUBCLASSE,5911199,5912099,0.14558426042189992
ADA-002_SUBCLASSE,5912001,5912001,0.0
ADA-002_SUBCLASSE,5912002,5912002,0.0
ADA-002_SUBCLASSE,5912099,5912099,0.0
ADA-002_SUBCLASSE,5912099,5911199,0.14558426042189992
ADA-002_SUBCLASSE,5913800,5913800,0.0
ADA-002_SUBCLASSE,5914600,5914600,0.0
ADA-002_SUBCLASSE,5920100,5920100,0.0
ADA-002_SUBCLASSE,6010100,6010100,0.0
ADA-002_SUBCLASSE,6021700,6021700,0.0
ADA-002_SUBCLASSE,6022501,6022501,0.0
ADA-002_SUBCLASSE,6022502,6022502,0.0
ADA-002_SUBCLASSE,6110801,6110801,0.0
ADA-002_SUBCLASSE,6110802,6110802,0.0
ADA-002_SUBCLASSE,6110803,6110803,0.0
ADA-002_SUBCLASSE,6110899,6110899,0.0
ADA-002_SUBCLASSE,6110899,6120599,0.22872376642764775
ADA-002_SUBCLASSE,6120501,6120501,0.0
ADA-002_SUBCLASSE,6120502,6120502,0.0
ADA-002_SUBCLASSE,6120599,6120599,0.0
ADA-002_SUBCLASSE,6120599,6110899,0.22872376642764775
ADA-002_SUBCLASSE,6130200,6130200,0.0
ADA-002_SUBCLASSE,6141800,6141800,0.0
ADA-002_SUBCLASSE,6141800,6143400,0.2449698085642005
ADA-002_SUBCLASSE,6142600,6142600,0.0
ADA-002_SUBCLASSE,6143400,6143400,0.0
ADA-002_SUBCLASSE,6143400,6141800,0.2449698085642005
ADA-002_SUBCLASSE,6190601,6190601,0.0
ADA-002_SUBCLASSE,6190602,6190602,0.0
ADA-002_SUBCLASSE,6190699,6190699,0.0
ADA-002_SUBCLASSE,6201501,6201501,0.0
ADA-002_SUBCLASSE,6201502,6201502,0.0
ADA-002_SUBCLASSE,6202300,6202300,0.0
ADA-002_SUBCLASSE,6202300,6203100,0.2911294273537261
ADA-002_SUBCLASSE,6203100,6203100,0.0
ADA-002_SUBCLASSE,6203100,6202300,0.2911294273537261
ADA-002_SUBCLASSE,6204000,6204000,0.0
ADA-002_SUBCLASSE,6209100,6209100,0.0
ADA-002_SUBCLASSE,6311900,6311900,0.0
ADA-002_SUBCLASSE,6319400,6319400,0.0
ADA-002_SUBCLASSE,6391700,6391700,0.0
ADA-002_SUBCLASSE,6399200,6399200,0.0
ADA-002_SUBCLASSE,6399200,8299799,0.29056028823923813
ADA-002_SUBCLASSE,6399200,6499999,0.2994034538584486
ADA-002_SUBCLASSE,6410700,6410700,0.0
ADA-002_SUBCLASSE,6421200,6421200,0.0
ADA-002_SUBCLASSE,6422100,6422100,0.0
ADA-002_SUBCLASSE,6422100,6431000,0.21952177791197539
ADA-002_SUBCLASSE,6423900,6423900,0.0
ADA-002_SUBCLASSE,6424701,6424701,0.0
ADA-002_SUBCLASSE,6424702,6424702,0.0
ADA-002_SUBCLASSE,6424702,6424703,0.28727599092416517
ADA-002_SUBCLASSE,6424702,6424704,0.29951644011319106
ADA-002_SUBCLASSE,6424703,6424703,0.0
ADA-002_SUBCLASSE,6424703,6424702,0.28727599092416517
ADA-002_SUBCLASSE,6424704,6424704,0.0
ADA-002_SUBCLASSE,6424704,6424702,0.29951644011319106
ADA-002_SUBCLASSE,6431000,6431000,0.0
ADA-002_SUBCLASSE,6431000,6422100,0.21952177791197539
ADA-002_SUBCLASSE,6432800,6432800,0.0
ADA-002_SUBCLASSE,6433600,6433600,0.0
ADA-002_SUBCLASSE,6434400,6434400,0.0
ADA-002_SUBCLASSE,6435201,6435201,0.0
ADA-002_SUBCLASSE,6435202,6435202,0.0
ADA-002_SUBCLASSE,6435203,6435203,0.0
ADA-002_SUBCLASSE,6436100,6436100,0.0
ADA-002_SUBCLASSE,6437900,6437900,0.0
ADA-002_SUBCLASSE,6438701,6438701,0.0
ADA-002_SUBCLASSE,6438799,6438799,0.0
ADA-002_SUBCLASSE,6440900,6440900,0.0
ADA-002_SUBCLASSE,6450600,6450600,0.0
ADA-002_SUBCLASSE,6461100,6461100,0.0
ADA-002_SUBCLASSE,6462000,6462000,0.0
ADA-002_SUBCLASSE,6463800,6463800,0.0
ADA-002_SUBCLASSE,6470101,6470101,0.0
ADA-002_SUBCLASSE,6470102,6470102,0.0
ADA-002_SUBCLASSE,6470103,6470103,0.0
ADA-002_SUBCLASSE,6491300,6491300,0.0
ADA-002_SUBCLASSE,6492100,6492100,0.0
ADA-002_SUBCLASSE,6493000,6493000,0.0
ADA-002_SUBCLASSE,6499901,6499901,0.0
ADA-002_SUBCLASSE,6499902,6499902,0.0
ADA-002_SUBCLASSE,6499903,6499903,0.0
ADA-002_SUBCLASSE,6499904,6499904,0.0
ADA-002_SUBCLASSE,6499905,6499905,0.0
ADA-002_SUBCLASSE,6499999,6499999,0.0
ADA-002_SUBCLASSE,6499999,6619399,0.192677176039724
ADA-002_SUBCLASSE,6499999,9609299,0.29884003486227606
ADA-002_SUBCLASSE,6499999,6399200,0.2994034538584486
ADA-002_SUBCLASSE,6511101,6511101,0.0
ADA-002_SUBCLASSE,6511101,6520100,0.2547054480924772
ADA-002_SUBCLASSE,6511101,6512000,0.2980475283749247
ADA-002_SUBCLASSE,6511102,6511102,0.0
ADA-002_SUBCLASSE,6512000,6512000,0.0
ADA-002_SUBCLASSE,6512000,6511101,0.2980475283749247
ADA-002_SUBCLASSE,6520100,6520100,0.0
ADA-002_SUBCLASSE,6520100,6511101,0.2547054480924772
ADA-002_SUBCLASSE,6530800,6530800,0.0
ADA-002_SUBCLASSE,6541300,6541300,0.0
ADA-002_SUBCLASSE,6541300,6542100,0.280382346520346
ADA-002_SUBCLASSE,6542100,6542100,0.0
ADA-002_SUBCLASSE,6542100,6541300,0.280382346520346
ADA-002_SUBCLASSE,6550200,6550200,0.0
ADA-002_SUBCLASSE,6611801,6611801,0.0
ADA-002_SUBCLASSE,6611802,6611802,0.0
ADA-002_SUBCLASSE,6611803,6611803,0.0
ADA-002_SUBCLASSE,6611804,6611804,0.0
ADA-002_SUBCLASSE,6612601,6612601,0.0
ADA-002_SUBCLASSE,6612602,6612602,0.0
ADA-002_SUBCLASSE,6612603,6612603,0.0
ADA-002_SUBCLASSE,6612604,6612604,0.0
ADA-002_SUBCLASSE,6612605,6612605,0.0
ADA-002_SUBCLASSE,6613400,6613400,0.0
ADA-002_SUBCLASSE,6619301,6619301,0.0
ADA-002_SUBCLASSE,6619302,6619302,0.0
ADA-002_SUBCLASSE,6619303,6619303,0.0
ADA-002_SUBCLASSE,6619304,6619304,0.0
ADA-002_SUBCLASSE,6619305,6619305,0.0
ADA-002_SUBCLASSE,6619399,6619399,0.0
ADA-002_SUBCLASSE,6619399,6499999,0.192677176039724
ADA-002_SUBCLASSE,6621501,6621501,0.0
ADA-002_SUBCLASSE,6621502,6621502,0.0
ADA-002_SUBCLASSE,6622300,6622300,0.0
ADA-002_SUBCLASSE,6629100,6629100,0.0
ADA-002_SUBCLASSE,6630400,6630400,0.0
ADA-002_SUBCLASSE,6810201,6810201,0.0
ADA-002_SUBCLASSE,6810202,6810202,0.0
ADA-002_SUBCLASSE,6810203,6810203,0.0
ADA-002_SUBCLASSE,6821801,6821801,0.0
ADA-002_SUBCLASSE,6821802,6821802,0.0
ADA-002_SUBCLASSE,6822600,6822600,0.0
ADA-002_SUBCLASSE,6911701,6911701,0.0
ADA-002_SUBCLASSE,6911702,6911702,0.0
ADA-002_SUBCLASSE,6911703,6911703,0.0
ADA-002_SUBCLASSE,6912500,6912500,0.0
ADA-002_SUBCLASSE,6920601,6920601,0.0
ADA-002_SUBCLASSE,6920602,6920602,0.0
ADA-002_SUBCLASSE,7020400,7020400,0.0
ADA-002_SUBCLASSE,7111100,7111100,0.0
ADA-002_SUBCLASSE,7112000,7112000,0.0
ADA-002_SUBCLASSE,7119701,7119701,0.0
ADA-002_SUBCLASSE,7119702,7119702,0.0
ADA-002_SUBCLASSE,7119703,7119703,0.0
ADA-002_SUBCLASSE,7119704,7119704,0.0
ADA-002_SUBCLASSE,7119799,7119799,0.0
ADA-002_SUBCLASSE,7120100,7120100,0.0
ADA-002_SUBCLASSE,7210000,7210000,0.0
ADA-002_SUBCLASSE,7220700,7220700,0.0
ADA-002_SUBCLASSE,7311400,7311400,0.0
ADA-002_SUBCLASSE,7312200,7312200,0.0
ADA-002_SUBCLASSE,7319001,7319001,0.0
ADA-002_SUBCLASSE,7319002,7319002,0.0
ADA-002_SUBCLASSE,7319003,7319003,0.0
ADA-002_SUBCLASSE,7319004,7319004,0.0
ADA-002_SUBCLASSE,7319099,7319099,0.0
ADA-002_SUBCLASSE,7320300,7320300,0.0
ADA-002_SUBCLASSE,7410202,7410202,0.0
ADA-002_SUBCLASSE,7410203,7410203,0.0
ADA-002_SUBCLASSE,7410299,7410299,0.0
ADA-002_SUBCLASSE,7420001,7420001,0.0
ADA-002_SUBCLASSE,7420001,7420002,0.29549813828206506
ADA-002_SUBCLASSE,7420002,7420002,0.0
ADA-002_SUBCLASSE,7420002,7420001,0.29549813828206506
ADA-002_SUBCLASSE,7420003,7420003,0.0
ADA-002_SUBCLASSE,7420004,7420004,0.0
ADA-002_SUBCLASSE,7420005,7420005,0.0
ADA-002_SUBCLASSE,7490101,7490101,0.0
ADA-002_SUBCLASSE,7490102,7490102,0.0
ADA-002_SUBCLASSE,7490103,7490103,0.0
ADA-002_SUBCLASSE,7490104,7490104,0.0
ADA-002_SUBCLASSE,7490105,7490105,0.0
ADA-002_SUBCLASSE,7490199,7490199,0.0
ADA-002_SUBCLASSE,7500100,7500100,0.0
ADA-002_SUBCLASSE,7711000,7711000,0.0
ADA-002_SUBCLASSE,7719501,7719501,0.0
ADA-002_SUBCLASSE,7719502,7719502,0.0
ADA-002_SUBCLASSE,7719599,7719599,0.0
ADA-002_SUBCLASSE,7721700,7721700,0.0
ADA-002_SUBCLASSE,7722500,7722500,0.0
ADA-002_SUBCLASSE,7723300,7723300,0.0
ADA-002_SUBCLASSE,7729201,7729201,0.0
ADA-002_SUBCLASSE,7729202,7729202,0.0
ADA-002_SUBCLASSE,7729203,7729203,0.0
ADA-002_SUBCLASSE,7729299,7729299,0.0
ADA-002_SUBCLASSE,7731400,7731400,0.0
ADA-002_SUBCLASSE,7732201,7732201,0.0
ADA-002_SUBCLASSE,7732202,7732202,0.0
ADA-002_SUBCLASSE,7733100,7733100,0.0
ADA-002_SUBCLASSE,7739001,7739001,0.0
ADA-002_SUBCLASSE,7739002,7739002,0.0
ADA-002_SUBCLASSE,7739003,7739003,0.0
ADA-002_SUBCLASSE,7739099,7739099,0.0
ADA-002_SUBCLASSE,7740300,7740300,0.0
ADA-002_SUBCLASSE,7810800,7810800,0.0
ADA-002_SUBCLASSE,7820500,7820500,0.0
ADA-002_SUBCLASSE,7830200,7830200,0.0
ADA-002_SUBCLASSE,7911200,7911200,0.0
ADA-002_SUBCLASSE,7912100,7912100,0.0
ADA-002_SUBCLASSE,7990200,7990200,0.0
ADA-002_SUBCLASSE,8011101,8011101,0.0
ADA-002_SUBCLASSE,8011102,8011102,0.0
ADA-002_SUBCLASSE,8012900,8012900,0.0
ADA-002_SUBCLASSE,8020001,8020001,0.0
ADA-002_SUBCLASSE,8020002,8020002,0.0
ADA-002_SUBCLASSE,8030700,8030700,0.0
ADA-002_SUBCLASSE,8111700,8111700,0.0
ADA-002_SUBCLASSE,8112500,8112500,0.0
ADA-002_SUBCLASSE,8121400,8121400,0.0
ADA-002_SUBCLASSE,8122200,8122200,0.0
ADA-002_SUBCLASSE,8129000,8129000,0.0
ADA-002_SUBCLASSE,8130300,8130300,0.0
ADA-002_SUBCLASSE,8211300,8211300,0.0
ADA-002_SUBCLASSE,8219901,8219901,0.0
ADA-002_SUBCLASSE,8219999,8219999,0.0
ADA-002_SUBCLASSE,8220200,8220200,0.0
ADA-002_SUBCLASSE,8230001,8230001,0.0
ADA-002_SUBCLASSE,8230002,8230002,0.0
ADA-002_SUBCLASSE,8291100,8291100,0.0
ADA-002_SUBCLASSE,8292000,8292000,0.0
ADA-002_SUBCLASSE,8299701,8299701,0.0
ADA-002_SUBCLASSE,8299702,8299702,0.0
ADA-002_SUBCLASSE,8299703,8299703,0.0
ADA-002_SUBCLASSE,8299704,8299704,0.0
ADA-002_SUBCLASSE,8299705,8299705,0.0
ADA-002_SUBCLASSE,8299706,8299706,0.0
ADA-002_SUBCLASSE,8299707,8299707,0.0
ADA-002_SUBCLASSE,8299799,8299799,0.0
ADA-002_SUBCLASSE,8299799,6399200,0.29056028823923813
ADA-002_SUBCLASSE,8411600,8411600,0.0
ADA-002_SUBCLASSE,8412400,8412400,0.0
ADA-002_SUBCLASSE,8413200,8413200,0.0
ADA-002_SUBCLASSE,8421300,8421300,0.0
ADA-002_SUBCLASSE,8422100,8422100,0.0
ADA-002_SUBCLASSE,8423000,8423000,0.0
ADA-002_SUBCLASSE,8424800,8424800,0.0
ADA-002_SUBCLASSE,8425600,8425600,0.0
ADA-002_SUBCLASSE,8430200,8430200,0.0
ADA-002_SUBCLASSE,8511200,8511200,0.0
ADA-002_SUBCLASSE,8511200,8512100,0.27878564794513166
ADA-002_SUBCLASSE,8512100,8512100,0.0
ADA-002_SUBCLASSE,8512100,8511200,0.27878564794513166
ADA-002_SUBCLASSE,8513900,8513900,0.0
ADA-002_SUBCLASSE,8520100,8520100,0.0
ADA-002_SUBCLASSE,8531700,8531700,0.0
ADA-002_SUBCLASSE,8531700,8532500,0.21769999663945985
ADA-002_SUBCLASSE,8532500,8532500,0.0
ADA-002_SUBCLASSE,8532500,8531700,0.21769999663945985
ADA-002_SUBCLASSE,8532500,8533300,0.23313520858394002
ADA-002_SUBCLASSE,8533300,8533300,0.0
ADA-002_SUBCLASSE,8533300,8532500,0.23313520858394002
ADA-002_SUBCLASSE,8541400,8541400,0.0
ADA-002_SUBCLASSE,8541400,8542200,0.1839915107171422
ADA-002_SUBCLASSE,8542200,8542200,0.0
ADA-002_SUBCLASSE,8542200,8541400,0.1839915107171422
ADA-002_SUBCLASSE,8550301,8550301,0.0
ADA-002_SUBCLASSE,8550302,8550302,0.0
ADA-002_SUBCLASSE,8591100,8591100,0.0
ADA-002_SUBCLASSE,8592901,8592901,0.0
ADA-002_SUBCLASSE,8592902,8592902,0.0
ADA-002_SUBCLASSE,8592903,8592903,0.0
ADA-002_SUBCLASSE,8592999,8592999,0.0
ADA-002_SUBCLASSE,8593700,8593700,0.0
ADA-002_SUBCLASSE,8599601,8599601,0.0
ADA-002_SUBCLASSE,8599602,8599602,0.0
ADA-002_SUBCLASSE,8599603,8599603,0.0
ADA-002_SUBCLASSE,8599604,8599604,0.0
ADA-002_SUBCLASSE,8599605,8599605,0.0
ADA-002_SUBCLASSE,8599699,8599699,0.0
ADA-002_SUBCLASSE,8610101,8610101,0.0
ADA-002_SUBCLASSE,8610102,8610102,0.0
ADA-002_SUBCLASSE,8621601,8621601,0.0
ADA-002_SUBCLASSE,8621602,8621602,0.0
ADA-002_SUBCLASSE,8622400,8622400,0.0
ADA-002_SUBCLASSE,8630501,8630501,0.0
ADA-002_SUBCLASSE,8630502,8630502,0.0
ADA-002_SUBCLASSE,8630503,8630503,0.0
ADA-002_SUBCLASSE,8630504,8630504,0.0
ADA-002_SUBCLASSE,8630506,8630506,0.0
ADA-002_SUBCLASSE,8630507,8630507,0.0
ADA-002_SUBCLASSE,8630599,8630599,0.0
ADA-002_SUBCLASSE,8640201,8640201,0.0
ADA-002_SUBCLASSE,8640202,8640202,0.0
ADA-002_SUBCLASSE,8640203,8640203,0.0
ADA-002_SUBCLASSE,8640204,8640204,0.0
ADA-002_SUBCLASSE,8640205,8640205,0.0
ADA-002_SUBCLASSE,8640206,8640206,0.0
ADA-002_SUBCLASSE,8640207,8640207,0.0
ADA-002_SUBCLASSE,8640208,8640208,0.0
ADA-002_SUBCLASSE,8640209,8640209,0.0
ADA-002_SUBCLASSE,8640210,8640210,0.0
ADA-002_SUBCLASSE,8640211,8640211,0.0
ADA-002_SUBCLASSE,8640212,8640212,0.0
ADA-002_SUBCLASSE,8640213,8640213,0.0
ADA-002_SUBCLASSE,8640214,8640214,0.0
ADA-002_SUBCLASSE,8640299,8640299,0.0
ADA-002_SUBCLASSE,8650001,8650001,0.0
ADA-002_SUBCLASSE,8650002,8650002,0.0
ADA-002_SUBCLASSE,8650003,8650003,0.0
ADA-002_SUBCLASSE,8650004,8650004,0.0
ADA-002_SUBCLASSE,8650005,8650005,0.0
ADA-002_SUBCLASSE,8650006,8650006,0.0
ADA-002_SUBCLASSE,8650007,8650007,0.0
ADA-002_SUBCLASSE,8650099,8650099,0.0
ADA-002_SUBCLASSE,8650099,8690999,0.2931454011597811
ADA-002_SUBCLASSE,8660700,8660700,0.0
ADA-002_SUBCLASSE,8690901,8690901,0.0
ADA-002_SUBCLASSE,8690902,8690902,0.0
ADA-002_SUBCLASSE,8690903,8690903,0.0
ADA-002_SUBCLASSE,8690904,8690904,0.0
ADA-002_SUBCLASSE,8690999,8690999,0.0
ADA-002_SUBCLASSE,8690999,8650099,0.2931454011597811
ADA-002_SUBCLASSE,8711501,8711501,0.0
ADA-002_SUBCLASSE,8711502,8711502,0.0
ADA-002_SUBCLASSE,8711503,8711503,0.0
ADA-002_SUBCLASSE,8711504,8711504,0.0
ADA-002_SUBCLASSE,8711505,8711505,0.0
ADA-002_SUBCLASSE,8712300,8712300,0.0
ADA-002_SUBCLASSE,8720401,8720401,0.0
ADA-002_SUBCLASSE,8720499,8720499,0.0
ADA-002_SUBCLASSE,8730101,8730101,0.0
ADA-002_SUBCLASSE,8730102,8730102,0.0
ADA-002_SUBCLASSE,8730199,8730199,0.0
ADA-002_SUBCLASSE,8800600,8800600,0.0
ADA-002_SUBCLASSE,9001901,9001901,0.0
ADA-002_SUBCLASSE,9001902,9001902,0.0
ADA-002_SUBCLASSE,9001903,9001903,0.0
ADA-002_SUBCLASSE,9001904,9001904,0.0
ADA-002_SUBCLASSE,9001905,9001905,0.0
ADA-002_SUBCLASSE,9001906,9001906,0.0
ADA-002_SUBCLASSE,9001999,9001999,0.0
ADA-002_SUBCLASSE,9002701,9002701,0.0
ADA-002_SUBCLASSE,9002702,9002702,0.0
ADA-002_SUBCLASSE,9003500,9003500,0.0
ADA-002_SUBCLASSE,9101500,9101500,0.0
ADA-002_SUBCLASSE,9102301,9102301,0.0
ADA-002_SUBCLASSE,9102302,9102302,0.0
ADA-002_SUBCLASSE,9103100,9103100,0.0
ADA-002_SUBCLASSE,9200301,9200301,0.0
ADA-002_SUBCLASSE,9200302,9200302,0.0
ADA-002_SUBCLASSE,9200399,9200399,0.0
ADA-002_SUBCLASSE,9311500,9311500,0.0
ADA-002_SUBCLASSE,9312300,9312300,0.0
ADA-002_SUBCLASSE,9313100,9313100,0.0
ADA-002_SUBCLASSE,9319101,9319101,0.0
ADA-002_SUBCLASSE,9319199,9319199,0.0
ADA-002_SUBCLASSE,9319199,9329899,0.2830847129125456
ADA-002_SUBCLASSE,9321200,9321200,0.0
ADA-002_SUBCLASSE,9329801,9329801,0.0
ADA-002_SUBCLASSE,9329802,9329802,0.0
ADA-002_SUBCLASSE,9329803,9329803,0.0
ADA-002_SUBCLASSE,9329804,9329804,0.0
ADA-002_SUBCLASSE,9329899,9329899,0.0
ADA-002_SUBCLASSE,9329899,9319199,0.2830847129125456
ADA-002_SUBCLASSE,9411100,9411100,0.0
ADA-002_SUBCLASSE,9412001,9412001,0.0
ADA-002_SUBCLASSE,9412099,9412099,0.0
ADA-002_SUBCLASSE,9420100,9420100,0.0
ADA-002_SUBCLASSE,9430800,9430800,0.0
ADA-002_SUBCLASSE,9491000,9491000,0.0
ADA-002_SUBCLASSE,9492800,9492800,0.0
ADA-002_SUBCLASSE,9493600,9493600,0.0
ADA-002_SUBCLASSE,9499500,9499500,0.0
ADA-002_SUBCLASSE,9511800,9511800,0.0
ADA-002_SUBCLASSE,9512600,9512600,0.0
ADA-002_SUBCLASSE,9521500,9521500,0.0
ADA-002_SUBCLASSE,9529101,9529101,0.0
ADA-002_SUBCLASSE,9529102,9529102,0.0
ADA-002_SUBCLASSE,9529103,9529103,0.0
ADA-002_SUBCLASSE,9529104,9529104,0.0
ADA-002_SUBCLASSE,9529105,9529105,0.0
ADA-002_SUBCLASSE,9529106,9529106,0.0
ADA-002_SUBCLASSE,9529199,9529199,0.0
ADA-002_SUBCLASSE,9529199,3319800,0.2847469767175429
ADA-002_SUBCLASSE,9601701,9601701,0.0
ADA-002_SUBCLASSE,9601702,9601702,0.0
ADA-002_SUBCLASSE,9601703,9601703,0.0
ADA-002_SUBCLASSE,9602501,9602501,0.0
ADA-002_SUBCLASSE,9602502,9602502,0.0
ADA-002_SUBCLASSE,9603301,9603301,0.0
ADA-002_SUBCLASSE,9603302,9603302,0.0
ADA-002_SUBCLASSE,9603302,9603303,0.290963484746544
ADA-002_SUBCLASSE,9603302,9603304,0.29660049240974706
ADA-002_SUBCLASSE,9603303,9603303,0.0
ADA-002_SUBCLASSE,9603303,9603304,0.28309137815464464
ADA-002_SUBCLASSE,9603303,9603302,0.290963484746544
ADA-002_SUBCLASSE,9603304,9603304,0.0
ADA-002_SUBCLASSE,9603304,9603303,0.28309137815464464
ADA-002_SUBCLASSE,9603304,9603302,0.29660049240974706
ADA-002_SUBCLASSE,9603305,9603305,0.0
ADA-002_SUBCLASSE,9603399,9603399,0.0
ADA-002_SUBCLASSE,9609202,9609202,0.0
ADA-002_SUBCLASSE,9609204,9609204,0.0
ADA-002_SUBCLASSE,9609205,9609205,0.0
ADA-002_SUBCLASSE,9609206,9609206,0.0
ADA-002_SUBCLASSE,9609207,9609207,0.0
ADA-002_SUBCLASSE,9609208,9609208,0.0
ADA-002_SUBCLASSE,9609299,9609299,0.0
ADA-002_SUBCLASSE,9609299,6499999,0.29884003486227606
ADA-002_SUBCLASSE,9700500,9700500,0.0
